XYZ rotation is: [-3.62668e-09, -1.14124e-08, 4.152e-10]
Rotation matrix C1MO (O to C1):
1	-4.152e-10	-1.14124e-08
4.152e-10	1	3.62668e-09
1.14124e-08	-3.62668e-09	1
XYZ rotation is: [0.0193418, 0.184699, 0.00712957]
Rotation matrix C2MO (O to C2):
0.982967	-0.00357635	0.18375
0.00700825	0.999813	-0.018031
-0.183651	0.0190117	0.982808
XYZ rotation is: [0.0193418, 0.184699, 0.00712957]
Rotation matrix R:
0.982967	-0.00357634	0.18375
0.00700825	0.999813	-0.018031
-0.183651	0.0190117	0.982808
