XYZ rotation is: [1.97815e-09, 4.25749e-09, -4.76968e-09]
Rotation matrix C1MO (O to C1):
1	4.76968e-09	4.25749e-09
-4.76968e-09	1	-1.97815e-09
-4.25749e-09	1.97815e-09	1
XYZ rotation is: [0.0125575, -0.26085, -0.00816735]
Rotation matrix C2MO (O to C2):
0.966139	0.00492821	-0.257976
-0.00789097	0.999914	-0.0104505
0.257902	0.0121323	0.966095
XYZ rotation is: [0.0125575, -0.26085, -0.00816734]
Rotation matrix R:
0.966139	0.00492821	-0.257976
-0.00789096	0.999914	-0.0104505
0.257902	0.0121323	0.966095
