XYZ rotation is: [2.37762e-08, 3.23806e-08, -5.20179e-09]
Rotation matrix C1MO (O to C1):
1	5.20179e-09	3.23806e-08
-5.20179e-09	1	-2.37762e-08
-3.23806e-08	2.37762e-08	1
XYZ rotation is: [0.0236503, 0.142792, 0.0140934]
Rotation matrix C2MO (O to C2):
0.989724	-0.0107241	0.142587
0.0139495	0.999668	-0.0216407
-0.142308	0.0234074	0.989546
XYZ rotation is: [0.0236502, 0.142792, 0.0140934]
Rotation matrix R:
0.989724	-0.0107241	0.142587
0.0139495	0.999668	-0.0216407
-0.142308	0.0234074	0.989546
