XYZ rotation is: [1.21885e-08, -2.14209e-08, 1.1832e-09]
Rotation matrix C1MO (O to C1):
1	-1.1832e-09	-2.14209e-08
1.1832e-09	1	-1.21885e-08
2.14209e-08	1.21885e-08	1
XYZ rotation is: [-0.0765512, 0.184498, -0.0221374]
Rotation matrix C2MO (O to C2):
0.982788	0.00804437	0.184564
-0.0217599	0.997138	0.0724087
-0.183453	-0.0751785	0.98015
XYZ rotation is: [-0.0765512, 0.184498, -0.0221374]
Rotation matrix R:
0.982788	0.00804436	0.184564
-0.0217599	0.997138	0.0724087
-0.183453	-0.0751785	0.98015
