XYZ rotation is: [-1.75115e-09, -1.19642e-08, -3.69101e-09]
Rotation matrix C1MO (O to C1):
1	3.69101e-09	-1.19642e-08
-3.69101e-09	1	1.75115e-09
1.19642e-08	-1.75115e-09	1
XYZ rotation is: [0.0698612, 0.0208481, 0.00428484]
Rotation matrix C2MO (O to C2):
0.999774	-0.00281921	0.0210946
0.0042839	0.997558	-0.0697146
-0.0208465	0.0697892	0.997344
XYZ rotation is: [0.0698612, 0.0208481, 0.00428485]
Rotation matrix R:
0.999774	-0.00281921	0.0210946
0.0042839	0.997558	-0.0697146
-0.0208466	0.0697892	0.997344
