XYZ rotation is: [-4.01285e-09, 3.38068e-09, -1.18884e-09]
Rotation matrix C1MO (O to C1):
1	1.18884e-09	3.38068e-09
-1.18884e-09	1	4.01285e-09
-3.38068e-09	-4.01285e-09	1
XYZ rotation is: [0.00468332, -0.0249663, -0.00193805]
Rotation matrix C2MO (O to C2):
0.999686	0.00182111	-0.0249725
-0.00193744	0.999987	-0.00463491
0.0249637	0.00468184	0.999677
XYZ rotation is: [0.00468332, -0.0249663, -0.00193805]
Rotation matrix R:
0.999686	0.00182111	-0.0249725
-0.00193744	0.999987	-0.00463492
0.0249638	0.00468185	0.999677
