XYZ rotation is: [-2.22945e-08, 6.29981e-08, 3.24394e-09]
Rotation matrix C1MO (O to C1):
1	-3.24394e-09	6.29981e-08
3.24394e-09	1	2.22945e-08
-6.29981e-08	-2.22945e-08	1
XYZ rotation is: [0.0408992, 0.225149, 0.0136098]
Rotation matrix C2MO (O to C2):
0.974671	-0.00447056	0.223601
0.0132659	0.999195	-0.0378482
-0.223252	0.0398558	0.973946
XYZ rotation is: [0.0408992, 0.225149, 0.0136098]
Rotation matrix R:
0.974671	-0.00447055	0.223601
0.0132659	0.999195	-0.0378483
-0.223252	0.0398559	0.973946
