XYZ rotation is: [-1.78397e-08, 3.68755e-08, 6.48661e-09]
Rotation matrix C1MO (O to C1):
1	-6.48661e-09	3.68755e-08
6.48661e-09	1	1.78397e-08
-3.68755e-08	-1.78397e-08	1
XYZ rotation is: [0.0014126, 0.238908, 0.00406666]
Rotation matrix C2MO (O to C2):
0.971589	-0.00373237	0.236646
0.00395114	0.999992	-0.000450244
-0.236642	0.00137247	0.971596
XYZ rotation is: [0.00141261, 0.238908, 0.00406665]
Rotation matrix R:
0.971589	-0.00373236	0.236646
0.00395113	0.999992	-0.000450262
-0.236642	0.00137249	0.971596
