XYZ rotation is: [1.64907e-08, -1.30762e-08, 1.90152e-08]
Rotation matrix C1MO (O to C1):
1	-1.90152e-08	-1.30762e-08
1.90152e-08	1	-1.64907e-08
1.30762e-08	1.64907e-08	1
XYZ rotation is: [-0.0162855, 0.439402, -0.00389522]
Rotation matrix C2MO (O to C2):
0.904999	-0.00303277	0.425402
-0.00352519	0.999887	0.0146278
-0.425398	-0.0147378	0.904886
XYZ rotation is: [-0.0162855, 0.439402, -0.00389524]
Rotation matrix R:
0.904999	-0.00303276	0.425402
-0.00352521	0.999887	0.0146279
-0.425398	-0.0147378	0.904886
