XYZ rotation is: [1.43903e-08, 2.80743e-08, -5.41712e-09]
Rotation matrix C1MO (O to C1):
1	5.41712e-09	2.80743e-08
-5.41712e-09	1	-1.43903e-08
-2.80743e-08	1.43903e-08	1
XYZ rotation is: [0.0164734, 0.294788, 0.00904181]
Rotation matrix C2MO (O to C2):
0.956825	-0.00425474	0.290635
0.00865167	0.999867	-0.0138454
-0.290537	0.0157621	0.956734
XYZ rotation is: [0.0164734, 0.294788, 0.00904182]
Rotation matrix R:
0.956825	-0.00425475	0.290635
0.00865167	0.999867	-0.0138454
-0.290537	0.0157621	0.956734
