XYZ rotation is: [-1.60207e-09, -7.14841e-09, 6.23631e-09]
Rotation matrix C1MO (O to C1):
1	-6.23631e-09	-7.14841e-09
6.23631e-09	1	1.60207e-09
7.14841e-09	-1.60207e-09	1
XYZ rotation is: [0.000382871, 0.448082, 0.00935579]
Rotation matrix C2MO (O to C2):
0.90124	-0.00918979	0.433222
0.00843206	0.999958	0.00367037
-0.433238	0.000345074	0.90128
XYZ rotation is: [0.00038287, 0.448082, 0.00935579]
Rotation matrix R:
0.90124	-0.00918978	0.433222
0.00843206	0.999958	0.00367037
-0.433238	0.000345073	0.90128
