XYZ rotation is: [2.0447e-08, 4.02515e-08, 3.85436e-09]
Rotation matrix C1MO (O to C1):
1	-3.85436e-09	4.02515e-08
3.85436e-09	1	-2.0447e-08
-4.02515e-08	2.0447e-08	1
XYZ rotation is: [-0.0094767, 0.243735, -0.00244601]
Rotation matrix C2MO (O to C2):
0.970441	0.000158935	0.24134
-0.00237371	0.999958	0.00888626
-0.241329	-0.00919646	0.9704
XYZ rotation is: [-0.00947672, 0.243735, -0.00244601]
Rotation matrix R:
0.970441	0.000158934	0.24134
-0.00237371	0.999958	0.00888628
-0.241329	-0.00919648	0.9704
