XYZ rotation is: [-1.63923e-08, 1.10664e-08, 4.27292e-10]
Rotation matrix C1MO (O to C1):
1	-4.27292e-10	1.10664e-08
4.27292e-10	1	1.63923e-08
-1.10664e-08	-1.63923e-08	1
XYZ rotation is: [0.0323932, 0.0745865, 0.00988972]
Rotation matrix C2MO (O to C2):
0.997171	-0.00747106	0.074795
0.00986206	0.99945	-0.0316494
-0.0745174	0.0322975	0.996697
XYZ rotation is: [0.0323932, 0.0745865, 0.00988972]
Rotation matrix R:
0.997171	-0.00747105	0.0747949
0.00986206	0.99945	-0.0316494
-0.0745174	0.0322975	0.996697
