XYZ rotation is: [2.36524e-09, -2.09483e-09, -1.13964e-09]
Rotation matrix C1MO (O to C1):
1	1.13964e-09	-2.09483e-09
-1.13964e-09	1	-2.36524e-09
2.09483e-09	2.36524e-09	1
XYZ rotation is: [-0.000907069, 0.0294934, 0.000610599]
Rotation matrix C2MO (O to C2):
0.999565	-0.000637348	0.0294886
0.000610334	0.999999	0.000925075
-0.0294892	-0.000906674	0.999565
XYZ rotation is: [-0.000907071, 0.0294934, 0.000610601]
Rotation matrix R:
0.999565	-0.000637349	0.0294886
0.000610335	0.999999	0.000925077
-0.0294892	-0.000906677	0.999565
