XYZ rotation is: [-3.17132e-08, -1.4916e-08, -3.12443e-09]
Rotation matrix C1MO (O to C1):
1	3.12443e-09	-1.4916e-08
-3.12443e-09	1	3.17132e-08
1.4916e-08	-3.17132e-08	1
XYZ rotation is: [-0.00824576, -0.261983, -9.93388e-05]
Rotation matrix C2MO (O to C2):
0.965878	0.00223493	-0.258987
-9.59492e-05	0.999966	0.00827139
0.258996	-0.00796431	0.965846
XYZ rotation is: [-0.00824573, -0.261983, -9.93357e-05]
Rotation matrix R:
0.965878	0.00223492	-0.258987
-9.59462e-05	0.999966	0.00827136
0.258996	-0.00796428	0.965846
