XYZ rotation is: [-1.24517e-09, -1.80991e-10, 7.57619e-09]
Rotation matrix C1MO (O to C1):
1	-7.57619e-09	-1.80991e-10
7.57619e-09	1	1.24517e-09
1.80991e-10	-1.24517e-09	1
XYZ rotation is: [0.000114793, -0.0797765, -0.00287508]
Rotation matrix C2MO (O to C2):
0.996815	0.00286593	-0.0796919
-0.00286593	0.999996	0.000114328
0.0796919	0.000114428	0.99682
XYZ rotation is: [0.000114795, -0.0797765, -0.00287509]
Rotation matrix R:
0.996815	0.00286593	-0.0796919
-0.00286594	0.999996	0.000114327
0.0796919	0.000114429	0.99682
