XYZ rotation is: [6.4289e-09, 7.60819e-10, -5.7696e-09]
Rotation matrix C1MO (O to C1):
1	5.7696e-09	7.60819e-10
-5.7696e-09	1	-6.4289e-09
-7.60819e-10	6.4289e-09	1
XYZ rotation is: [-3.11693, -0.0520798, -2.53006]
Rotation matrix C2MO (O to C2):
-0.817657	-0.575002	-0.0284491
-0.573347	0.817781	-0.0500713
0.0520562	-0.02463	-0.99834
XYZ rotation is: [-3.11693, -0.0520798, -2.53006]
Rotation matrix R:
-0.817657	-0.575002	-0.0284491
-0.573347	0.817781	-0.0500713
0.0520562	-0.02463	-0.99834
