XYZ rotation is: [-3.90537e-09, -2.46532e-09, -6.2259e-10]
Rotation matrix C1MO (O to C1):
1	6.2259e-10	-2.46532e-09
-6.2259e-10	1	3.90537e-09
2.46532e-09	-3.90537e-09	1
XYZ rotation is: [-0.00434684, 0.0881834, 0.00532468]
Rotation matrix C2MO (O to C2):
0.9961	-0.00570742	0.0880439
0.00530397	0.999974	0.00481569
-0.0880691	-0.00432993	0.996105
XYZ rotation is: [-0.00434683, 0.0881834, 0.00532468]
Rotation matrix R:
0.9961	-0.00570742	0.0880439
0.00530397	0.999974	0.00481569
-0.0880691	-0.00432993	0.996105
