XYZ rotation is: [-5.20677e-08, 1.52585e-08, -5.80856e-09]
Rotation matrix C1MO (O to C1):
1	5.80856e-09	1.52585e-08
-5.80856e-09	1	5.20677e-08
-1.52585e-08	-5.20677e-08	1
XYZ rotation is: [-0.030996, 0.114666, -0.00570797]
Rotation matrix C2MO (O to C2):
0.993417	0.00215941	0.114535
-0.00567046	0.999524	0.0303377
-0.114415	-0.0307875	0.992956
XYZ rotation is: [-0.0309959, 0.114666, -0.00570797]
Rotation matrix R:
0.993417	0.00215941	0.114535
-0.00567045	0.999524	0.0303377
-0.114415	-0.0307874	0.992956
