XYZ rotation is: [1.00589e-08, 3.98098e-09, 2.66279e-09]
Rotation matrix C1MO (O to C1):
1	-2.66279e-09	3.98098e-09
2.66279e-09	1	-1.00589e-08
-3.98098e-09	1.00589e-08	1
XYZ rotation is: [-0.000457797, -0.207422, 0.00304161]
Rotation matrix C2MO (O to C2):
0.978561	-0.00294732	-0.205938
0.00297641	0.999996	-0.000168586
0.205938	-0.000447984	0.978565
XYZ rotation is: [-0.000457806, -0.207422, 0.0030416]
Rotation matrix R:
0.978561	-0.00294732	-0.205938
0.0029764	0.999996	-0.000168576
0.205938	-0.000447993	0.978565
