XYZ rotation is: [-1.1628e-08, 2.85813e-08, 6.75342e-09]
Rotation matrix C1MO (O to C1):
1	-6.75342e-09	2.85813e-08
6.75342e-09	1	1.1628e-08
-2.85813e-08	-1.1628e-08	1
XYZ rotation is: [-0.00168995, -0.197086, 0.00551403]
Rotation matrix C2MO (O to C2):
0.980627	-0.00518308	-0.195818
0.00540726	0.999985	0.000610213
0.195812	-0.00165723	0.98064
XYZ rotation is: [-0.00168993, -0.197086, 0.00551402]
Rotation matrix R:
0.980627	-0.00518308	-0.195818
0.00540725	0.999985	0.000610201
0.195812	-0.00165722	0.98064
