XYZ rotation is: [2.44017e-08, 4.43502e-08, -4.20697e-09]
Rotation matrix C1MO (O to C1):
1	4.20697e-09	4.43502e-08
-4.20697e-09	1	-2.44017e-08
-4.43502e-08	2.44017e-08	1
XYZ rotation is: [0.00668998, -0.224144, -6.41419e-05]
Rotation matrix C2MO (O to C2):
0.974985	-0.00142284	-0.222267
-6.25374e-05	0.999978	-0.00667568
0.222272	0.00652258	0.974963
XYZ rotation is: [0.00668996, -0.224144, -6.41379e-05]
Rotation matrix R:
0.974985	-0.00142284	-0.222267
-6.25335e-05	0.999978	-0.00667565
0.222272	0.00652256	0.974963
