XYZ rotation is: [-9.80541e-09, -1.16034e-08, 5.19888e-09]
Rotation matrix C1MO (O to C1):
1	-5.19888e-09	-1.16034e-08
5.19888e-09	1	9.80541e-09
1.16034e-08	-9.80541e-09	1
XYZ rotation is: [-0.0211806, -0.198407, 0.0129066]
Rotation matrix C2MO (O to C2):
0.9803	-0.00872916	-0.197321
0.0126531	0.999746	0.0186339
0.197108	-0.0207635	0.980162
XYZ rotation is: [-0.0211806, -0.198407, 0.0129066]
Rotation matrix R:
0.9803	-0.00872915	-0.197321
0.0126531	0.999746	0.0186339
0.197108	-0.0207635	0.980162
