XYZ rotation is: [1.26081e-09, 4.79665e-10, 8.64001e-10]
Rotation matrix C1MO (O to C1):
1	-8.64001e-10	4.79665e-10
8.64001e-10	1	-1.26081e-09
-4.79665e-10	1.26081e-09	1
XYZ rotation is: [-0.0305974, -0.144999, 0.00993622]
Rotation matrix C2MO (O to C2):
0.989457	-0.00551123	-0.144721
0.00983179	0.999527	0.0291561
0.144492	-0.0302716	0.989043
XYZ rotation is: [-0.0305974, -0.144999, 0.00993622]
Rotation matrix R:
0.989457	-0.00551123	-0.144721
0.00983178	0.999527	0.0291561
0.144492	-0.0302716	0.989043
