XYZ rotation is: [2.42459e-08, 1.46415e-08, -2.00564e-09]
Rotation matrix C1MO (O to C1):
1	2.00564e-09	1.46415e-08
-2.00564e-09	1	-2.42459e-08
-1.46415e-08	2.42459e-08	1
XYZ rotation is: [0.0336587, -0.191039, -0.0141551]
Rotation matrix C2MO (O to C2):
0.981709	0.0077574	-0.190229
-0.0138972	0.999424	-0.0309628
0.18988	0.0330401	0.981251
XYZ rotation is: [0.0336587, -0.191039, -0.0141551]
Rotation matrix R:
0.981709	0.00775741	-0.190229
-0.0138972	0.999424	-0.0309628
0.18988	0.0330401	0.981251
