XYZ rotation is: [-6.43786e-09, 2.91503e-08, -3.12346e-10]
Rotation matrix C1MO (O to C1):
1	3.12346e-10	2.91503e-08
-3.12346e-10	1	6.43786e-09
-2.91503e-08	-6.43786e-09	1
XYZ rotation is: [-0.00730699, -0.347511, -0.00294227]
Rotation matrix C2MO (O to C2):
0.940219	0.00543061	-0.340526
-0.00276639	0.999962	0.00830889
0.340558	-0.00687015	0.940198
XYZ rotation is: [-0.00730699, -0.347511, -0.00294227]
Rotation matrix R:
0.940219	0.00543061	-0.340526
-0.00276639	0.999962	0.00830888
0.340558	-0.00687014	0.940198
