XYZ rotation is: [3.60902e-08, 2.96317e-09, -8.14713e-09]
Rotation matrix C1MO (O to C1):
1	8.14713e-09	2.96317e-09
-8.14713e-09	1	-3.60902e-08
-2.96317e-09	3.60902e-08	1
XYZ rotation is: [0.0599924, -0.112325, -0.012309]
Rotation matrix C2MO (O to C2):
0.993623	0.00556668	-0.112616
-0.0122312	0.998208	-0.0585747
0.112088	0.0595786	0.991911
XYZ rotation is: [0.0599923, -0.112325, -0.012309]
Rotation matrix R:
0.993623	0.00556668	-0.112616
-0.0122312	0.998208	-0.0585746
0.112088	0.0595785	0.991911
