XYZ rotation is: [-8.93773e-09, -4.7421e-08, 2.81689e-09]
Rotation matrix C1MO (O to C1):
1	-2.81689e-09	-4.7421e-08
2.81689e-09	1	8.93773e-09
4.7421e-08	-8.93773e-09	1
XYZ rotation is: [-0.0244658, -0.182553, 0.00777142]
Rotation matrix C2MO (O to C2):
0.983354	-0.00332805	-0.181671
0.00764221	0.999705	0.0230522
0.181541	-0.0240568	0.983089
XYZ rotation is: [-0.0244658, -0.182553, 0.00777142]
Rotation matrix R:
0.983354	-0.00332805	-0.181671
0.00764221	0.999705	0.0230522
0.181541	-0.0240568	0.983089
