XYZ rotation is: [4.41201e-09, -2.00643e-08, 5.19171e-10]
Rotation matrix C1MO (O to C1):
1	-5.19171e-10	-2.00643e-08
5.19171e-10	1	-4.41201e-09
2.00643e-08	4.41201e-09	1
XYZ rotation is: [-0.0133714, -0.214987, 0.00762472]
Rotation matrix C2MO (O to C2):
0.976951	-0.00477155	-0.213411
0.00744912	0.999903	0.0117442
0.213335	-0.0130632	0.976892
XYZ rotation is: [-0.0133714, -0.214987, 0.00762472]
Rotation matrix R:
0.976951	-0.00477155	-0.213411
0.00744912	0.999903	0.0117442
0.213335	-0.0130632	0.976892
