XYZ rotation is: [-1.7192e-08, -6.19844e-09, 4.34133e-09]
Rotation matrix C1MO (O to C1):
1	-4.34133e-09	-6.19844e-09
4.34133e-09	1	1.7192e-08
6.19844e-09	-1.7192e-08	1
XYZ rotation is: [-0.00962234, -0.211588, 0.00721935]
Rotation matrix C2MO (O to C2):
0.977673	-0.00519823	-0.210067
0.00705829	0.999942	0.00810587
0.210012	-0.0094076	0.977653
XYZ rotation is: [-0.00962232, -0.211588, 0.00721934]
Rotation matrix R:
0.977673	-0.00519822	-0.210067
0.00705828	0.999942	0.00810585
0.210012	-0.00940758	0.977653
