XYZ rotation is: [-1.96384e-08, 2.11651e-08, 3.65035e-09]
Rotation matrix C1MO (O to C1):
1	-3.65035e-09	2.11651e-08
3.65035e-09	1	1.96384e-08
-2.11651e-08	-1.96384e-08	1
XYZ rotation is: [-0.0261219, -0.502233, 0.0105418]
Rotation matrix C2MO (O to C2):
0.876461	0.0020345	-0.481468
0.00923985	0.999736	0.0210447
0.481384	-0.0228935	0.876211
XYZ rotation is: [-0.0261219, -0.502233, 0.0105418]
Rotation matrix R:
0.876461	0.0020345	-0.481468
0.00923985	0.999736	0.0210446
0.481384	-0.0228935	0.876211
