XYZ rotation is: [-4.01563e-09, 5.38258e-09, 6.14583e-10]
Rotation matrix C1MO (O to C1):
1	-6.14583e-10	5.38258e-09
6.14583e-10	1	4.01563e-09
-5.38258e-09	-4.01563e-09	1
XYZ rotation is: [-0.0159094, -0.416391, 0.00355512]
Rotation matrix C2MO (O to C2):
0.914549	0.00287978	-0.404465
0.00325134	0.99989	0.0144709
0.404462	-0.0145494	0.914439
XYZ rotation is: [-0.0159094, -0.416391, 0.00355511]
Rotation matrix R:
0.914549	0.00287978	-0.404465
0.00325134	0.99989	0.0144709
0.404462	-0.0145494	0.914439
