XYZ rotation is: [-2.01259e-08, 1.61591e-08, 4.60715e-09]
Rotation matrix C1MO (O to C1):
1	-4.60715e-09	1.61591e-08
4.60715e-09	1	2.01259e-08
-1.61591e-08	-2.01259e-08	1
XYZ rotation is: [0.0166292, -0.257166, -0.00886212]
Rotation matrix C2MO (O to C2):
0.967077	0.00463163	-0.254443
-0.00857057	0.99986	-0.0143742
0.254341	0.0160816	0.966981
XYZ rotation is: [0.0166293, -0.257166, -0.00886212]
Rotation matrix R:
0.967077	0.00463163	-0.254443
-0.00857057	0.99986	-0.0143742
0.254341	0.0160817	0.966981
