XYZ rotation is: [-9.12561e-09, -3.20396e-08, 1.51523e-09]
Rotation matrix C1MO (O to C1):
1	-1.51523e-09	-3.20396e-08
1.51523e-09	1	9.12561e-09
3.20396e-08	-9.12561e-09	1
XYZ rotation is: [-0.0289787, -0.106329, 0.00951189]
Rotation matrix C2MO (O to C2):
0.994307	-0.00643283	-0.106355
0.00945803	0.999564	0.0279643
0.106129	-0.028811	0.993935
XYZ rotation is: [-0.0289787, -0.106329, 0.00951189]
Rotation matrix R:
0.994307	-0.00643283	-0.106355
0.00945802	0.999564	0.0279643
0.106129	-0.028811	0.993935
