XYZ rotation is: [4.4192e-09, 5.43741e-09, 1.31051e-09]
Rotation matrix C1MO (O to C1):
1	-1.31051e-09	5.43741e-09
1.31051e-09	1	-4.4192e-09
-5.43741e-09	4.4192e-09	1
XYZ rotation is: [-0.058903, -0.211366, 0.0293645]
Rotation matrix C2MO (O to C2):
0.977324	-0.0169643	-0.21107
0.0287069	0.998198	0.0526946
0.209796	-0.0575588	0.97605
XYZ rotation is: [-0.058903, -0.211366, 0.0293645]
Rotation matrix R:
0.977324	-0.0169643	-0.21107
0.0287069	0.998198	0.0526946
0.209796	-0.0575588	0.97605
