XYZ rotation is: [2.13102e-08, 2.872e-08, -6.04794e-09]
Rotation matrix C1MO (O to C1):
1	6.04794e-09	2.872e-08
-6.04794e-09	1	-2.13102e-08
-2.872e-08	2.13102e-08	1
XYZ rotation is: [-0.0339616, -0.147787, 0.0102994]
Rotation matrix C2MO (O to C2):
0.989047	-0.0052937	-0.147507
0.010187	0.999422	0.0324376
0.14725	-0.0335849	0.988529
XYZ rotation is: [-0.0339616, -0.147787, 0.0102994]
Rotation matrix R:
0.989047	-0.0052937	-0.147507
0.010187	0.999422	0.0324376
0.14725	-0.033585	0.988529
