XYZ rotation is: [1.02448e-08, -7.50681e-08, 3.43275e-09]
Rotation matrix C1MO (O to C1):
1	-3.43275e-09	-7.50681e-08
3.43275e-09	1	-1.02448e-08
7.50681e-08	1.02448e-08	1
XYZ rotation is: [0.0293016, -0.169223, -0.0197446]
Rotation matrix C2MO (O to C2):
0.985524	0.0148017	-0.16889
-0.0194613	0.999473	-0.0259681
0.168417	0.028879	0.985293
XYZ rotation is: [0.0293016, -0.169223, -0.0197446]
Rotation matrix R:
0.985524	0.0148017	-0.16889
-0.0194613	0.999473	-0.025968
0.168416	0.028879	0.985293
