XYZ rotation is: [-1.39593e-09, -1.09753e-08, 5.62743e-10]
Rotation matrix C1MO (O to C1):
1	-5.62743e-10	-1.09753e-08
5.62743e-10	1	1.39593e-09
1.09753e-08	-1.39593e-09	1
XYZ rotation is: [-0.0229046, -0.42086, 0.00503429]
Rotation matrix C2MO (O to C2):
0.912726	0.00432367	-0.408548
0.00459496	0.999772	0.0208461
0.408545	-0.020904	0.912499
XYZ rotation is: [-0.0229046, -0.42086, 0.00503428]
Rotation matrix R:
0.912726	0.00432367	-0.408548
0.00459496	0.999772	0.0208461
0.408545	-0.020904	0.912499
