XYZ rotation is: [-2.69403e-09, 1.43718e-08, -1.90613e-11]
Rotation matrix C1MO (O to C1):
1	1.90613e-11	1.43718e-08
-1.90613e-11	1	2.69403e-09
-1.43718e-08	-2.69403e-09	1
XYZ rotation is: [-0.0043349, -0.229719, 0.00198774]
Rotation matrix C2MO (O to C2):
0.973728	-0.00100065	-0.22771
0.00193552	0.999991	0.00388226
0.227704	-0.00422101	0.973721
XYZ rotation is: [-0.00433489, -0.229719, 0.00198774]
Rotation matrix R:
0.973728	-0.00100065	-0.22771
0.00193552	0.999991	0.00388226
0.227704	-0.004221	0.973721
