XYZ rotation is: [-2.55234e-08, 6.39833e-08, 1.69726e-08]
Rotation matrix C1MO (O to C1):
1	-1.69726e-08	6.39833e-08
1.69726e-08	1	2.55234e-08
-6.39833e-08	-2.55234e-08	1
XYZ rotation is: [-0.00200581, -0.65801, 0.00691786]
Rotation matrix C2MO (O to C2):
0.791192	-0.00569119	-0.611542
0.00547344	0.999983	-0.00222477
0.611544	-0.00158702	0.791209
XYZ rotation is: [-0.00200577, -0.65801, 0.00691784]
Rotation matrix R:
0.791192	-0.00569119	-0.611542
0.00547343	0.999983	-0.0022248
0.611544	-0.00158699	0.791209
