XYZ rotation is: [-3.37066e-08, -1.12335e-08, 3.50833e-09]
Rotation matrix C1MO (O to C1):
1	-3.50833e-09	-1.12335e-08
3.50833e-09	1	3.37066e-08
1.12335e-08	-3.37066e-08	1
XYZ rotation is: [-0.0261664, -0.0782144, 0.00940246]
Rotation matrix C2MO (O to C2):
0.996899	-0.00735492	-0.0783505
0.00937358	0.999633	0.0254279
0.0781347	-0.0260834	0.996602
XYZ rotation is: [-0.0261664, -0.0782144, 0.00940245]
Rotation matrix R:
0.996899	-0.00735492	-0.0783504
0.00937357	0.999633	0.0254278
0.0781347	-0.0260834	0.996602
