XYZ rotation is: [7.14394e-09, -2.64286e-08, 2.27878e-09]
Rotation matrix C1MO (O to C1):
1	-2.27878e-09	-2.64286e-08
2.27878e-09	1	-7.14394e-09
2.64286e-08	7.14394e-09	1
XYZ rotation is: [-0.0313179, -0.139022, 0.0122478]
Rotation matrix C2MO (O to C2):
0.990278	-0.00790266	-0.13888
0.0121293	0.999488	0.0296141
0.138574	-0.0310107	0.989866
XYZ rotation is: [-0.0313179, -0.139022, 0.0122478]
Rotation matrix R:
0.990278	-0.00790265	-0.13888
0.0121293	0.999488	0.0296141
0.138574	-0.0310107	0.989866
