XYZ rotation is: [8.11205e-08, 5.35861e-08, -1.09002e-08]
Rotation matrix C1MO (O to C1):
1	1.09002e-08	5.35861e-08
-1.09002e-08	1	-8.11205e-08
-5.35861e-08	8.11205e-08	1
XYZ rotation is: [-0.0419347, -0.126854, 0.0119916]
Rotation matrix C2MO (O to C2):
0.991894	-0.0066774	-0.126896
0.011895	0.999113	0.0404037
0.126514	-0.0415856	0.991093
XYZ rotation is: [-0.0419348, -0.126854, 0.0119916]
Rotation matrix R:
0.991894	-0.0066774	-0.126896
0.011895	0.999113	0.0404038
0.126514	-0.0415857	0.991093
