XYZ rotation is: [2.60411e-08, -8.33607e-09, -7.60576e-10]
Rotation matrix C1MO (O to C1):
1	7.60576e-10	-8.33607e-09
-7.60576e-10	1	-2.60411e-08
8.33607e-09	2.60411e-08	1
XYZ rotation is: [-0.0209709, -0.35149, -0.00147731]
Rotation matrix C2MO (O to C2):
0.93886	0.00869666	-0.34419
-0.00138698	0.999768	0.0214778
0.344297	-0.0196873	0.938654
XYZ rotation is: [-0.0209709, -0.35149, -0.00147731]
Rotation matrix R:
0.93886	0.00869667	-0.34419
-0.00138698	0.999768	0.0214779
0.344297	-0.0196873	0.938654
