XYZ rotation is: [2.45709e-08, 9.28344e-08, 1.0535e-09]
Rotation matrix C1MO (O to C1):
1	-1.0535e-09	9.28344e-08
1.0535e-09	1	-2.45709e-08
-9.28344e-08	2.45709e-08	1
XYZ rotation is: [-0.0523433, -0.10097, 0.0138427]
Rotation matrix C2MO (O to C2):
0.994812	-0.00855014	-0.101375
0.0137718	0.998608	0.050921
0.100798	-0.0520529	0.993544
XYZ rotation is: [-0.0523433, -0.10097, 0.0138427]
Rotation matrix R:
0.994812	-0.00855013	-0.101375
0.0137718	0.998608	0.050921
0.100798	-0.0520529	0.993544
