XYZ rotation is: [1.89769e-08, 1.03753e-08, -2.99029e-09]
Rotation matrix C1MO (O to C1):
1	2.99029e-09	1.03753e-08
-2.99029e-09	1	-1.89769e-08
-1.03753e-08	1.89769e-08	1
XYZ rotation is: [0.00300038, -0.209607, 0.00100375]
Rotation matrix C2MO (O to C2):
0.978112	-0.00162805	-0.208071
0.000981781	0.999994	-0.00320923
0.208075	0.00293471	0.978108
XYZ rotation is: [0.00300036, -0.209607, 0.00100375]
Rotation matrix R:
0.978112	-0.00162805	-0.208071
0.000981784	0.999994	-0.00320921
0.208075	0.00293469	0.978108
