XYZ rotation is: [2.47757e-08, -7.93399e-09, 3.3592e-10]
Rotation matrix C1MO (O to C1):
1	-3.3592e-10	-7.93399e-09
3.3592e-10	1	-2.47757e-08
7.93399e-09	2.47757e-08	1
XYZ rotation is: [-0.00992579, -0.123103, 0.00473794]
Rotation matrix C2MO (O to C2):
0.992421	-0.00351891	-0.122832
0.00470206	0.999945	0.00934376
0.122792	-0.00985051	0.992384
XYZ rotation is: [-0.00992581, -0.123103, 0.00473794]
Rotation matrix R:
0.992421	-0.00351891	-0.122832
0.00470206	0.999945	0.00934379
0.122792	-0.00985053	0.992384
