XYZ rotation is: [-3.46801e-10, -3.78378e-08, -1.60991e-09]
Rotation matrix C1MO (O to C1):
1	1.60991e-09	-3.78378e-08
-1.60991e-09	1	3.46801e-10
3.78378e-08	-3.46801e-10	1
XYZ rotation is: [-0.00926662, -0.230214, -0.00208612]
Rotation matrix C2MO (O to C2):
0.973616	0.00420051	-0.228156
-0.00203108	0.99995	0.00974247
0.228186	-0.00902201	0.973576
XYZ rotation is: [-0.00926662, -0.230214, -0.00208612]
Rotation matrix R:
0.973616	0.00420051	-0.228156
-0.00203108	0.99995	0.00974247
0.228186	-0.00902201	0.973576
