XYZ rotation is: [1.21551e-08, -9.26411e-09, -8.68103e-10]
Rotation matrix C1MO (O to C1):
1	8.68103e-10	-9.26411e-09
-8.68103e-10	1	-1.21551e-08
9.26411e-09	1.21551e-08	1
XYZ rotation is: [-0.00800454, -0.251491, 0.00219671]
Rotation matrix C2MO (O to C2):
0.96854	-0.00020475	-0.248857
0.00212761	0.99997	0.00745781
0.248848	-0.00775266	0.968512
XYZ rotation is: [-0.00800456, -0.251491, 0.00219671]
Rotation matrix R:
0.96854	-0.000204747	-0.248857
0.00212761	0.99997	0.00745782
0.248848	-0.00775267	0.968512
