XYZ rotation is: [1.20511e-08, 1.44188e-08, -3.65028e-09]
Rotation matrix C1MO (O to C1):
1	3.65028e-09	1.44188e-08
-3.65028e-09	1	-1.20511e-08
-1.44188e-08	1.20511e-08	1
XYZ rotation is: [-0.0247763, -0.39579, 0.00549265]
Rotation matrix C2MO (O to C2):
0.922678	0.00406015	-0.38555
0.005068	0.99973	0.0226565
0.385538	-0.0228586	0.922409
XYZ rotation is: [-0.0247763, -0.39579, 0.00549266]
Rotation matrix R:
0.922678	0.00406015	-0.38555
0.00506801	0.99973	0.0226565
0.385538	-0.0228586	0.922409
