XYZ rotation is: [-8.93004e-09, 8.85849e-09, -1.96428e-09]
Rotation matrix C1MO (O to C1):
1	1.96428e-09	8.85849e-09
-1.96428e-09	1	8.93004e-09
-8.85849e-09	-8.93004e-09	1
XYZ rotation is: [-0.0645483, -0.193752, 0.0280178]
Rotation matrix C2MO (O to C2):
0.980904	-0.015541	-0.193872
0.0274899	0.997874	0.0590956
0.192542	-0.0632966	0.979245
XYZ rotation is: [-0.0645483, -0.193752, 0.0280178]
Rotation matrix R:
0.980904	-0.015541	-0.193872
0.0274899	0.997874	0.0590956
0.192542	-0.0632966	0.979245
