XYZ rotation is: [1.90405e-08, -5.45778e-09, -5.16827e-09]
Rotation matrix C1MO (O to C1):
1	5.16827e-09	-5.45778e-09
-5.16827e-09	1	-1.90405e-08
5.45778e-09	1.90405e-08	1
XYZ rotation is: [0.0124146, -0.208066, -0.00544425]
Rotation matrix C2MO (O to C2):
0.978418	0.00287945	-0.206617
-0.0053268	0.999922	-0.0112896
0.206568	0.0121465	0.978357
XYZ rotation is: [0.0124146, -0.208066, -0.00544424]
Rotation matrix R:
0.978418	0.00287945	-0.206617
-0.0053268	0.999922	-0.0112895
0.206568	0.0121465	0.978357
