XYZ rotation is: [1.10026e-08, -1.40321e-08, -1.17385e-09]
Rotation matrix C1MO (O to C1):
1	1.17385e-09	-1.40321e-08
-1.17385e-09	1	-1.10026e-08
1.40321e-08	1.10026e-08	1
XYZ rotation is: [0.0190894, -0.181083, -0.00972003]
Rotation matrix C2MO (O to C2):
0.983603	0.00628058	-0.180239
-0.00956095	0.999804	-0.0173371
0.180095	0.0187761	0.98347
XYZ rotation is: [0.0190894, -0.181083, -0.00972002]
Rotation matrix R:
0.983603	0.00628058	-0.180239
-0.00956094	0.999804	-0.0173371
0.180095	0.0187761	0.98347
