XYZ rotation is: [3.96898e-08, 2.94782e-08, -1.10048e-08]
Rotation matrix C1MO (O to C1):
1	1.10048e-08	2.94782e-08
-1.10048e-08	1	-3.96898e-08
-2.94782e-08	3.96898e-08	1
XYZ rotation is: [-0.0171776, -0.218812, 0.0100368]
Rotation matrix C2MO (O to C2):
0.976107	-0.00630675	-0.217199
0.0097973	0.99984	0.0149976
0.21707	-0.0167672	0.976012
XYZ rotation is: [-0.0171777, -0.218812, 0.0100368]
Rotation matrix R:
0.976107	-0.00630675	-0.217199
0.00979731	0.99984	0.0149976
0.21707	-0.0167673	0.976012
