XYZ rotation is: [-1.55377e-08, -1.27616e-08, 2.38089e-09]
Rotation matrix C1MO (O to C1):
1	-2.38089e-09	-1.27616e-08
2.38089e-09	1	1.55377e-08
1.27616e-08	-1.55377e-08	1
XYZ rotation is: [-0.00314357, -0.0959459, 0.00275401]
Rotation matrix C2MO (O to C2):
0.995397	-0.00245285	-0.0958065
0.00274134	0.999992	0.00287973
0.0957987	-0.00312911	0.995396
XYZ rotation is: [-0.00314356, -0.0959458, 0.00275401]
Rotation matrix R:
0.995397	-0.00245285	-0.0958065
0.00274134	0.999992	0.00287971
0.0957987	-0.00312909	0.995396
