XYZ rotation is: [2.35261e-08, 3.3768e-09, -2.44321e-09]
Rotation matrix C1MO (O to C1):
1	2.44321e-09	3.3768e-09
-2.44321e-09	1	-2.35261e-08
-3.3768e-09	2.35261e-08	1
XYZ rotation is: [0.0532098, -0.212179, -0.0224858]
Rotation matrix C2MO (O to C2):
0.977327	0.0112547	-0.211435
-0.0219797	0.998584	-0.0484431
0.21059	0.051992	0.976191
XYZ rotation is: [0.0532098, -0.212179, -0.0224858]
Rotation matrix R:
0.977327	0.0112547	-0.211435
-0.0219797	0.998584	-0.0484431
0.21059	0.051992	0.976191
