XYZ rotation is: [-4.38809e-09, 1.75454e-08, 3.97978e-09]
Rotation matrix C1MO (O to C1):
1	-3.97978e-09	1.75454e-08
3.97978e-09	1	4.38809e-09
-1.75454e-08	-4.38809e-09	1
XYZ rotation is: [-0.093709, -0.049874, 0.0154257]
Rotation matrix C2MO (O to C2):
0.998638	-0.0106931	-0.051072
0.0154059	0.995566	0.0927952
0.0498533	-0.0934555	0.994375
XYZ rotation is: [-0.093709, -0.049874, 0.0154257]
Rotation matrix R:
0.998638	-0.0106931	-0.051072
0.0154059	0.995566	0.0927951
0.0498533	-0.0934555	0.994375
