XYZ rotation is: [-0.0794066, -0.458808, -0.0186338]
Rotation matrix C1MO (O to C1):
0.896425	0.0536986	-0.43993
-0.0167058	0.996021	0.0875354
0.44288	-0.0711196	0.893756
XYZ rotation is: [0.0166396, -1.14681, -0.107336]
Rotation matrix C2MO (O to C2):
0.409029	0.0920367	-0.907868
-0.0440728	0.995732	0.0810876
0.911456	0.00684515	0.41134
XYZ rotation is: [0.0357885, -0.6899, -0.0281525]
Rotation matrix R:
0.771004	0.00536674	-0.636807
-0.0217115	0.999605	-0.0178625
0.63646	0.0275981	0.770816
