XYZ rotation is: [-2.51938e-08, -1.21885e-07, -1.64815e-08]
Rotation matrix C1MO (O to C1):
1	1.64815e-08	-1.21885e-07
-1.64815e-08	1	2.51938e-08
1.21885e-07	-2.51938e-08	1
XYZ rotation is: [-0.00425261, 0.182569, 0.00363694]
Rotation matrix C2MO (O to C2):
0.983374	-0.00440898	0.181539
0.00357648	0.999982	0.00491287
-0.181557	-0.00418192	0.983372
XYZ rotation is: [-0.00425258, 0.18257, 0.00363695]
Rotation matrix R:
0.983374	-0.00440899	0.181539
0.0035765	0.999982	0.00491284
-0.181557	-0.00418189	0.983372
