XYZ rotation is: [-2.27705e-09, -7.72878e-09, -3.39574e-09]
Rotation matrix C1MO (O to C1):
1	3.39574e-09	-7.72878e-09
-3.39574e-09	1	2.27705e-09
7.72878e-09	-2.27705e-09	1
XYZ rotation is: [-0.00352696, -0.0431856, -0.00294639]
Rotation matrix C2MO (O to C2):
0.999063	0.00309863	-0.0431613
-0.00294364	0.999989	0.00365414
0.0431722	-0.00352367	0.999061
XYZ rotation is: [-0.00352696, -0.0431856, -0.00294639]
Rotation matrix R:
0.999063	0.00309863	-0.0431613
-0.00294364	0.999989	0.00365414
0.0431722	-0.00352367	0.999061
