XYZ rotation is: [6.39124e-09, 3.3377e-08, 5.66573e-09]
Rotation matrix C1MO (O to C1):
1	-5.66573e-09	3.3377e-08
5.66573e-09	1	-6.39124e-09
-3.3377e-08	6.39124e-09	1
XYZ rotation is: [-0.00751427, 0.181613, -0.00208991]
Rotation matrix C2MO (O to C2):
0.983551	0.000732668	0.180627
-0.00205554	0.999972	0.00713672
-0.180617	-0.00739062	0.983526
XYZ rotation is: [-0.00751428, 0.181613, -0.00208992]
Rotation matrix R:
0.983551	0.000732672	0.180627
-0.00205555	0.999972	0.00713673
-0.180617	-0.00739062	0.983526
