XYZ rotation is: [6.3613e-08, 3.89008e-08, -1.26629e-08]
Rotation matrix C1MO (O to C1):
1	1.26629e-08	3.89008e-08
-1.26629e-08	1	-6.3613e-08
-3.89008e-08	6.3613e-08	1
XYZ rotation is: [-0.000753808, 0.206667, -0.0011701]
Rotation matrix C2MO (O to C2):
0.97872	0.00101542	0.205199
-0.0011452	0.999999	0.000513704
-0.205199	-0.000737767	0.97872
XYZ rotation is: [-0.000753869, 0.206667, -0.00117009]
Rotation matrix R:
0.97872	0.0010154	0.205199
-0.00114519	0.999999	0.000513768
-0.205199	-0.000737827	0.97872
