XYZ rotation is: [3.96664e-08, 1.5951e-08, 4.88109e-09]
Rotation matrix C1MO (O to C1):
1	-4.88109e-09	1.5951e-08
4.88109e-09	1	-3.96664e-08
-1.5951e-08	3.96664e-08	1
XYZ rotation is: [0.0399406, 0.177229, 0.00394184]
Rotation matrix C2MO (O to C2):
0.984328	0.00310101	0.176318
0.00388009	0.999222	-0.0392353
-0.176302	0.0393045	0.983551
XYZ rotation is: [0.0399406, 0.177229, 0.00394184]
Rotation matrix R:
0.984328	0.00310101	0.176318
0.00388008	0.999222	-0.0392352
-0.176302	0.0393045	0.983551
