XYZ rotation is: [4.55627e-09, 1.03793e-08, 1.72132e-10]
Rotation matrix C1MO (O to C1):
1	-1.72132e-10	1.03793e-08
1.72132e-10	1	-4.55627e-09
-1.03793e-08	4.55627e-09	1
XYZ rotation is: [-0.016297, -0.0399639, -0.00254843]
Rotation matrix C2MO (O to C2):
0.999198	0.00319918	-0.0399063
-0.0025464	0.999862	0.016398
0.0399532	-0.0162833	0.999069
XYZ rotation is: [-0.016297, -0.0399639, -0.00254843]
Rotation matrix R:
0.999198	0.00319918	-0.0399063
-0.0025464	0.999862	0.016398
0.0399533	-0.0162833	0.999069
