XYZ rotation is: [4.60399e-08, 4.54964e-08, -1.09409e-08]
Rotation matrix C1MO (O to C1):
1	1.09409e-08	4.54964e-08
-1.09409e-08	1	-4.60399e-08
-4.54964e-08	4.60399e-08	1
XYZ rotation is: [0.0214743, 0.228566, 0.00487522]
Rotation matrix C2MO (O to C2):
0.973981	-8.83623e-06	0.226631
0.00474841	0.999781	-0.020368
-0.226581	0.0209142	0.973768
XYZ rotation is: [0.0214743, 0.228566, 0.00487523]
Rotation matrix R:
0.973981	-8.85732e-06	0.226631
0.00474842	0.999781	-0.020368
-0.226581	0.0209142	0.973768
