XYZ rotation is: [-2.78644e-08, 3.50401e-08, 1.46914e-09]
Rotation matrix C1MO (O to C1):
1	-1.46914e-09	3.50401e-08
1.46914e-09	1	2.78644e-08
-3.50401e-08	-2.78644e-08	1
XYZ rotation is: [0.00656124, 0.185364, 0.00206922]
Rotation matrix C2MO (O to C2):
0.982867	-0.000859926	0.184313
0.00203378	0.999979	-0.00617982
-0.184304	0.0064488	0.982848
XYZ rotation is: [0.00656127, 0.185364, 0.00206922]
Rotation matrix R:
0.982867	-0.00085992	0.184313
0.00203377	0.999979	-0.00617985
-0.184304	0.00644882	0.982848
