XYZ rotation is: [3.04598e-08, -3.19989e-08, -1.64479e-09]
Rotation matrix C1MO (O to C1):
1	1.64479e-09	-3.19989e-08
-1.64479e-09	1	-3.04598e-08
3.19989e-08	3.04598e-08	1
XYZ rotation is: [-0.0137354, -0.0379601, -0.00127101]
Rotation matrix C2MO (O to C2):
0.999279	0.00179214	-0.03793
-0.00127009	0.999904	0.0137831
0.037951	-0.013725	0.999185
XYZ rotation is: [-0.0137354, -0.0379601, -0.00127101]
Rotation matrix R:
0.999279	0.00179214	-0.0379299
-0.00127009	0.999904	0.0137832
0.037951	-0.0137251	0.999185
