XYZ rotation is: [9.07556e-08, 1.5892e-08, 2.02815e-08]
Rotation matrix C1MO (O to C1):
1	-2.02815e-08	1.5892e-08
2.02815e-08	1	-9.07556e-08
-1.5892e-08	9.07556e-08	1
XYZ rotation is: [-0.00383747, -0.00923338, 0.00129085]
Rotation matrix C2MO (O to C2):
0.999957	-0.00125541	-0.00923813
0.00129079	0.999992	0.00382554
0.00923325	-0.0038373	0.99995
XYZ rotation is: [-0.00383756, -0.0092334, 0.00129083]
Rotation matrix R:
0.999957	-0.00125539	-0.00923815
0.00129077	0.999992	0.00382563
0.00923327	-0.00383739	0.99995
