XYZ rotation is: [7.66671e-09, -8.32648e-09, 8.07983e-10]
Rotation matrix C1MO (O to C1):
1	-8.07983e-10	-8.32648e-09
8.07983e-10	1	-7.66671e-09
8.32648e-09	7.66671e-09	1
XYZ rotation is: [-0.0114711, -0.0380597, -0.00235111]
Rotation matrix C2MO (O to C2):
0.999273	0.00278743	-0.0380209
-0.00234941	0.99993	0.0115603
0.0380505	-0.0114625	0.99921
XYZ rotation is: [-0.0114711, -0.0380597, -0.00235112]
Rotation matrix R:
0.999273	0.00278743	-0.0380209
-0.00234941	0.99993	0.0115603
0.0380505	-0.0114625	0.99921
