XYZ rotation is: [6.31134e-08, 3.99655e-08, 1.84596e-09]
Rotation matrix C1MO (O to C1):
1	-1.84596e-09	3.99655e-08
1.84596e-09	1	-6.31134e-08
-3.99655e-08	6.31134e-08	1
XYZ rotation is: [0.00978349, 0.196253, 0.000469352]
Rotation matrix C2MO (O to C2):
0.980804	0.00143838	0.194991
0.000460342	0.999953	-0.00969182
-0.194996	0.00959554	0.980757
XYZ rotation is: [0.00978343, 0.196253, 0.00046935]
Rotation matrix R:
0.980804	0.00143837	0.194991
0.00046034	0.999953	-0.00969176
-0.194996	0.00959547	0.980757
