XYZ rotation is: [2.33402e-08, 4.13011e-09, -2.93922e-09]
Rotation matrix C1MO (O to C1):
1	2.93922e-09	4.13011e-09
-2.93922e-09	1	-2.33402e-08
-4.13011e-09	2.33402e-08	1
XYZ rotation is: [0.0126123, -0.0416872, -0.00184609]
Rotation matrix C2MO (O to C2):
0.99913	0.00132034	-0.041695
-0.00184449	0.99992	-0.012535
0.0416751	0.012601	0.999052
XYZ rotation is: [0.0126123, -0.0416872, -0.00184609]
Rotation matrix R:
0.99913	0.00132034	-0.041695
-0.00184448	0.99992	-0.012535
0.0416751	0.012601	0.999052
