XYZ rotation is: [7.35773e-09, 9.66702e-09, 1.37195e-09]
Rotation matrix C1MO (O to C1):
1	-1.37195e-09	9.66702e-09
1.37195e-09	1	-7.35773e-09
-9.66702e-09	7.35773e-09	1
XYZ rotation is: [-0.00882032, -0.0300485, -0.00134768]
Rotation matrix C2MO (O to C2):
0.999548	0.00161262	-0.0300309
-0.00134707	0.99996	0.00886069
0.030044	-0.00881622	0.99951
XYZ rotation is: [-0.00882033, -0.0300485, -0.00134768]
Rotation matrix R:
0.999548	0.00161262	-0.0300309
-0.00134707	0.99996	0.00886069
0.030044	-0.00881623	0.99951
