XYZ rotation is: [7.87912e-08, 4.90937e-08, 6.54003e-09]
Rotation matrix C1MO (O to C1):
1	-6.54003e-09	4.90937e-08
6.54003e-09	1	-7.87912e-08
-4.90937e-08	7.87912e-08	1
XYZ rotation is: [0.00549585, 0.161109, 9.82182e-06]
Rotation matrix C2MO (O to C2):
0.98705	0.000871778	0.16041
9.69462e-06	0.999985	-0.00549425
-0.160413	0.00542465	0.987035
XYZ rotation is: [0.00549577, 0.161109, 9.81492e-06]
Rotation matrix R:
0.98705	0.000871772	0.16041
9.68781e-06	0.999985	-0.00549417
-0.160413	0.00542457	0.987035
