XYZ rotation is: [1.27904e-08, -1.03008e-09, 4.16938e-10]
Rotation matrix C1MO (O to C1):
1	-4.16938e-10	-1.03008e-09
4.16938e-10	1	-1.27904e-08
1.03008e-09	1.27904e-08	1
XYZ rotation is: [0.000262483, -0.0296811, -0.000753319]
Rotation matrix C2MO (O to C2):
0.999559	0.000745529	-0.0296769
-0.000752987	1	-0.000240127
0.0296767	0.000262368	0.99956
XYZ rotation is: [0.000262471, -0.0296811, -0.00075332]
Rotation matrix R:
0.999559	0.00074553	-0.0296769
-0.000752988	1	-0.000240114
0.0296767	0.000262355	0.99956
