XYZ rotation is: [5.94496e-08, -1.18804e-08, -2.98638e-09]
Rotation matrix C1MO (O to C1):
1	2.98638e-09	-1.18804e-08
-2.98638e-09	1	-5.94496e-08
1.18804e-08	5.94496e-08	1
XYZ rotation is: [-0.0178504, -0.0419373, -0.0024833]
Rotation matrix C2MO (O to C2):
0.999118	0.00323123	-0.0418739
-0.00248111	0.999836	0.0179535
0.041925	-0.0178338	0.998962
XYZ rotation is: [-0.0178505, -0.0419373, -0.00248329]
Rotation matrix R:
0.999118	0.00323123	-0.0418739
-0.00248111	0.999836	0.0179536
0.041925	-0.0178338	0.998962
