XYZ rotation is: [8.48386e-08, -2.08731e-08, 9.55977e-10]
Rotation matrix C1MO (O to C1):
1	-9.55979e-10	-2.08731e-08
9.55977e-10	1	-8.48386e-08
2.08731e-08	8.48386e-08	1
XYZ rotation is: [0.0212653, 0.183049, 0.00363138]
Rotation matrix C2MO (O to C2):
0.983287	0.00024002	0.182063
0.00357071	0.999781	-0.0206027
-0.182029	0.0209085	0.983071
XYZ rotation is: [0.0212652, 0.183049, 0.00363138]
Rotation matrix R:
0.983287	0.000240005	0.182063
0.00357071	0.999781	-0.0206026
-0.182029	0.0209084	0.983071
