XYZ rotation is: [-5.93096e-09, -1.66506e-08, -3.46742e-09]
Rotation matrix C1MO (O to C1):
1	3.46742e-09	-1.66506e-08
-3.46742e-09	1	5.93096e-09
1.66506e-08	-5.93096e-09	1
XYZ rotation is: [0.0233503, 0.185845, 0.00423357]
Rotation matrix C2MO (O to C2):
0.982772	8.17595e-05	0.184824
0.00416065	0.999737	-0.0225659
-0.184777	0.0229461	0.982513
XYZ rotation is: [0.0233503, 0.185845, 0.00423357]
Rotation matrix R:
0.982772	8.17572e-05	0.184824
0.00416066	0.999737	-0.0225659
-0.184777	0.0229461	0.982513
