XYZ rotation is: [-6.66084e-08, 2.9468e-08, -1.07016e-08]
Rotation matrix C1MO (O to C1):
1	1.07016e-08	2.9468e-08
-1.07016e-08	1	6.66084e-08
-2.9468e-08	-6.66084e-08	1
XYZ rotation is: [0.0671378, 0.149485, 0.00246532]
Rotation matrix C2MO (O to C2):
0.988845	0.00753148	0.148759
0.00243783	0.997769	-0.0667209
-0.148929	0.0663392	0.98662
XYZ rotation is: [0.0671379, 0.149485, 0.00246533]
Rotation matrix R:
0.988845	0.00753148	0.148759
0.00243783	0.997769	-0.0667209
-0.148929	0.0663393	0.98662
