XYZ rotation is: [-1.23436e-08, 6.34577e-09, -1.76657e-10]
Rotation matrix C1MO (O to C1):
1	1.76657e-10	6.34577e-09
-1.76657e-10	1	1.23436e-08
-6.34577e-09	-1.23436e-08	1
XYZ rotation is: [0.00571801, -0.0298504, -9.32293e-05]
Rotation matrix C2MO (O to C2):
0.999555	-7.74307e-05	-0.029846
-9.31877e-05	0.999984	-0.0057152
0.0298459	0.00571543	0.999538
XYZ rotation is: [0.00571802, -0.0298504, -9.32291e-05]
Rotation matrix R:
0.999555	-7.74313e-05	-0.029846
-9.31876e-05	0.999984	-0.00571521
0.0298459	0.00571545	0.999538
