XYZ rotation is: [-5.82484e-09, -6.11965e-08, -3.60508e-09]
Rotation matrix C1MO (O to C1):
1	3.60508e-09	-6.11965e-08
-3.60508e-09	1	5.82484e-09
6.11965e-08	-5.82484e-09	1
XYZ rotation is: [-0.0138612, 0.182307, 0.000160124]
Rotation matrix C2MO (O to C2):
0.983428	-0.00267305	0.181279
0.00015747	0.999904	0.0138898
-0.181298	-0.0136311	0.983334
XYZ rotation is: [-0.0138612, 0.182307, 0.000160127]
Rotation matrix R:
0.983428	-0.00267305	0.181279
0.000157473	0.999904	0.0138898
-0.181298	-0.0136311	0.983334
