XYZ rotation is: [-4.46492e-09, -2.13403e-08, -2.96809e-09]
Rotation matrix C1MO (O to C1):
1	2.96809e-09	-2.13403e-08
-2.96809e-09	1	4.46492e-09
2.13403e-08	-4.46492e-09	1
XYZ rotation is: [-0.00225247, -0.0258577, -0.000163965]
Rotation matrix C2MO (O to C2):
0.999666	0.000222201	-0.0258544
-0.00016391	0.999997	0.00225671
0.0258548	-0.00225172	0.999663
XYZ rotation is: [-0.00225247, -0.0258577, -0.000163962]
Rotation matrix R:
0.999666	0.000222198	-0.0258544
-0.000163907	0.999997	0.0022567
0.0258548	-0.00225171	0.999663
