XYZ rotation is: [-2.98265e-08, -2.2503e-08, -2.25819e-09]
Rotation matrix C1MO (O to C1):
1	2.25819e-09	-2.2503e-08
-2.25819e-09	1	2.98265e-08
2.2503e-08	-2.98265e-08	1
XYZ rotation is: [0.0210987, 0.177855, 0.00198349]
Rotation matrix C2MO (O to C2):
0.984224	0.00174941	0.176921
0.0019522	0.999783	-0.0207462
-0.176918	0.0207643	0.984006
XYZ rotation is: [0.0210987, 0.177855, 0.00198349]
Rotation matrix R:
0.984224	0.00174941	0.176921
0.0019522	0.999783	-0.0207462
-0.176918	0.0207643	0.984006
