XYZ rotation is: [2.9811e-08, -1.00752e-08, 4.95492e-10]
Rotation matrix C1MO (O to C1):
1	-4.95492e-10	-1.00752e-08
4.95492e-10	1	-2.9811e-08
1.00752e-08	2.9811e-08	1
XYZ rotation is: [0.00298317, -0.00854537, 8.53039e-05]
Rotation matrix C2MO (O to C2):
0.999963	-0.000110796	-0.00854497
8.53008e-05	0.999996	-0.0029839
0.00854527	0.00298306	0.999959
XYZ rotation is: [0.00298314, -0.00854536, 8.53034e-05]
Rotation matrix R:
0.999963	-0.000110795	-0.00854496
8.53003e-05	0.999996	-0.00298387
0.00854526	0.00298303	0.999959
