XYZ rotation is: [2.88903e-09, -2.64303e-08, -4.09042e-09]
Rotation matrix C1MO (O to C1):
1	4.09042e-09	-2.64303e-08
-4.09042e-09	1	-2.88903e-09
2.64303e-08	2.88903e-09	1
XYZ rotation is: [-0.0126624, -0.0341099, 0.000303099]
Rotation matrix C2MO (O to C2):
0.999418	0.000128744	-0.0341044
0.000302922	0.99992	0.0126517
0.0341033	-0.0126547	0.999338
XYZ rotation is: [-0.0126624, -0.0341099, 0.000303102]
Rotation matrix R:
0.999418	0.00012874	-0.0341044
0.000302926	0.99992	0.0126517
0.0341033	-0.0126547	0.999338
