XYZ rotation is: [-6.75044e-09, -2.7886e-08, -1.21513e-09]
Rotation matrix C1MO (O to C1):
1	1.21513e-09	-2.7886e-08
-1.21513e-09	1	6.75044e-09
2.7886e-08	-6.75044e-09	1
XYZ rotation is: [0.019511, 0.199481, 0.00298383]
Rotation matrix C2MO (O to C2):
0.980165	0.000882788	0.19818
0.00292466	0.999817	-0.0189185
-0.198161	0.0191229	0.979983
XYZ rotation is: [0.019511, 0.199481, 0.00298384]
Rotation matrix R:
0.980165	0.000882788	0.19818
0.00292466	0.999817	-0.0189185
-0.198161	0.0191229	0.979983
