XYZ rotation is: [-1.8623e-08, -2.68741e-08, -4.0437e-09]
Rotation matrix C1MO (O to C1):
1	4.0437e-09	-2.68741e-08
-4.0437e-09	1	1.8623e-08
2.68741e-08	-1.8623e-08	1
XYZ rotation is: [0.00107925, 0.197166, 0.00173545]
Rotation matrix C2MO (O to C2):
0.980624	-0.00152403	0.195892
0.00170183	0.999998	-0.000739286
-0.195891	0.00105834	0.980625
XYZ rotation is: [0.00107927, 0.197166, 0.00173546]
Rotation matrix R:
0.980624	-0.00152404	0.195892
0.00170183	0.999998	-0.000739304
-0.195891	0.00105836	0.980625
