XYZ rotation is: [-3.06405e-08, 1.72658e-08, 1.81822e-09]
Rotation matrix C1MO (O to C1):
1	-1.81822e-09	1.72658e-08
1.81822e-09	1	3.06405e-08
-1.72658e-08	-3.06405e-08	1
XYZ rotation is: [0.0281025, -0.0224903, -0.00232189]
Rotation matrix C2MO (O to C2):
0.999744	0.00168908	-0.0225447
-0.0023213	0.999604	-0.0280465
0.0224884	0.0280917	0.999352
XYZ rotation is: [0.0281025, -0.0224903, -0.00232189]
Rotation matrix R:
0.999744	0.00168908	-0.0225447
-0.0023213	0.999604	-0.0280466
0.0224884	0.0280917	0.999352
