XYZ rotation is: [1.35811e-08, -5.24768e-09, 1.27212e-09]
Rotation matrix C1MO (O to C1):
1	-1.27212e-09	-5.24768e-09
1.27212e-09	1	-1.35811e-08
5.24768e-09	1.35811e-08	1
XYZ rotation is: [0.0090346, -0.0303043, -0.000993824]
Rotation matrix C2MO (O to C2):
0.99954	0.000720042	-0.0303074
-0.000993368	0.999959	-0.00900436
0.0302997	0.00903033	0.9995
XYZ rotation is: [0.00903459, -0.0303043, -0.000993826]
Rotation matrix R:
0.99954	0.000720044	-0.0303074
-0.000993369	0.999959	-0.00900435
0.0302997	0.00903032	0.9995
