XYZ rotation is: [-6.26575e-08, -9.44233e-09, 3.3061e-10]
Rotation matrix C1MO (O to C1):
1	-3.3061e-10	-9.44233e-09
3.3061e-10	1	6.26575e-08
9.44233e-09	-6.26575e-08	1
XYZ rotation is: [0.0233292, 0.206303, 0.00291858]
Rotation matrix C2MO (O to C2):
0.978791	0.00186058	0.204854
0.00285669	0.999738	-0.0227293
-0.204842	0.0228325	0.978529
XYZ rotation is: [0.0233293, 0.206303, 0.00291858]
Rotation matrix R:
0.978791	0.0018606	0.204854
0.00285669	0.999738	-0.0227294
-0.204842	0.0228325	0.978529
