XYZ rotation is: [4.7768e-08, -8.3164e-08, 7.58274e-09]
Rotation matrix C1MO (O to C1):
1	-7.58274e-09	-8.3164e-08
7.58274e-09	1	-4.7768e-08
8.3164e-08	4.7768e-08	1
XYZ rotation is: [0.0037287, 0.214334, 0.00321562]
Rotation matrix C2MO (O to C2):
0.977113	-0.00242252	0.212706
0.00314204	0.99999	-0.00304473
-0.212696	0.00364337	0.977112
XYZ rotation is: [0.00372865, 0.214334, 0.00321561]
Rotation matrix R:
0.977113	-0.00242252	0.212706
0.00314203	0.99999	-0.00304468
-0.212697	0.00364332	0.977112
