XYZ rotation is: [6.78948e-08, 7.76783e-08, 6.20431e-09]
Rotation matrix C1MO (O to C1):
1	-6.20431e-09	7.76783e-08
6.20431e-09	1	-6.78948e-08
-7.76783e-08	6.78948e-08	1
XYZ rotation is: [0.0277811, 0.20867, 0.00366104]
Rotation matrix C2MO (O to C2):
0.978301	0.00209469	0.207179
0.00358161	0.999628	-0.0270192
-0.207158	0.027175	0.97793
XYZ rotation is: [0.027781, 0.208669, 0.00366103]
Rotation matrix R:
0.978301	0.00209469	0.207179
0.0035816	0.999628	-0.0270191
-0.207158	0.0271749	0.97793
