XYZ rotation is: [-3.04876e-09, 2.07766e-09, -4.97092e-10]
Rotation matrix C1MO (O to C1):
1	4.97092e-10	2.07766e-09
-4.97092e-10	1	3.04876e-09
-2.07766e-09	-3.04876e-09	1
XYZ rotation is: [0.0123746, -0.0331137, -0.000349019]
Rotation matrix C2MO (O to C2):
0.999452	-6.06914e-05	-0.0331094
-0.000348828	0.999924	-0.0123628
0.0331076	0.0123675	0.999375
XYZ rotation is: [0.0123746, -0.0331137, -0.000349019]
Rotation matrix R:
0.999452	-6.0692e-05	-0.0331094
-0.000348828	0.999924	-0.0123628
0.0331076	0.0123675	0.999375
