XYZ rotation is: [2.9607e-08, 5.20278e-08, 1.17241e-08]
Rotation matrix C1MO (O to C1):
1	-1.17241e-08	5.20278e-08
1.17241e-08	1	-2.9607e-08
-5.20278e-08	2.9607e-08	1
XYZ rotation is: [0.0484783, 0.198469, 0.00379278]
Rotation matrix C2MO (O to C2):
0.980363	0.00576627	0.197119
0.00371831	0.998854	-0.047712
-0.197169	0.047508	0.979218
XYZ rotation is: [0.0484782, 0.198469, 0.00379276]
Rotation matrix R:
0.980363	0.00576628	0.197119
0.0037183	0.998854	-0.047712
-0.197169	0.047508	0.979218
