XYZ rotation is: [-8.82968e-09, 6.42753e-09, 2.5932e-09]
Rotation matrix C1MO (O to C1):
1	-2.5932e-09	6.42753e-09
2.5932e-09	1	8.82968e-09
-6.42753e-09	-8.82968e-09	1
XYZ rotation is: [0.0010016, -0.034174, -0.000976848]
Rotation matrix C2MO (O to C2):
0.999416	0.000942626	-0.0341682
-0.000976278	0.999999	-0.000968219
0.0341673	0.00100101	0.999416
XYZ rotation is: [0.00100161, -0.034174, -0.000976851]
Rotation matrix R:
0.999416	0.000942628	-0.0341683
-0.00097628	0.999999	-0.000968228
0.0341673	0.00100102	0.999416
