XYZ rotation is: [9.1765e-09, 7.96065e-09, 1.21009e-09]
Rotation matrix C1MO (O to C1):
1	-1.21009e-09	7.96065e-09
1.21009e-09	1	-9.1765e-09
-7.96065e-09	9.1765e-09	1
XYZ rotation is: [0.0116668, -0.0242999, -0.000126524]
Rotation matrix C2MO (O to C2):
0.999705	-0.000156953	-0.0242973
-0.000126486	0.999932	-0.0116635
0.0242975	0.0116631	0.999637
XYZ rotation is: [0.0116668, -0.0242999, -0.000126525]
Rotation matrix R:
0.999705	-0.000156952	-0.0242974
-0.000126488	0.999932	-0.0116635
0.0242975	0.0116631	0.999637
