XYZ rotation is: [1.62623e-08, -1.44624e-08, -2.56448e-09]
Rotation matrix C1MO (O to C1):
1	2.56448e-09	-1.44624e-08
-2.56448e-09	1	-1.62623e-08
1.44624e-08	1.62623e-08	1
XYZ rotation is: [0.00630807, 0.195436, 0.000771532]
Rotation matrix C2MO (O to C2):
0.980963	0.000453465	0.194195
0.000756845	0.999981	-0.0061582
-0.194194	0.00618794	0.980944
XYZ rotation is: [0.00630805, 0.195436, 0.000771535]
Rotation matrix R:
0.980963	0.000453459	0.194195
0.000756847	0.999981	-0.00615818
-0.194194	0.00618792	0.980944
