XYZ rotation is: [-3.34111e-09, 1.02404e-08, 4.9639e-09]
Rotation matrix C1MO (O to C1):
1	-4.9639e-09	1.02404e-08
4.9639e-09	1	3.34111e-09
-1.02404e-08	-3.34111e-09	1
XYZ rotation is: [0.00767992, 0.182578, 0.00450183]
Rotation matrix C2MO (O to C2):
0.983369	-0.0031073	0.181593
0.00442699	0.999967	-0.00686242
-0.181565	0.0075522	0.98335
XYZ rotation is: [0.00767993, 0.182578, 0.00450182]
Rotation matrix R:
0.983369	-0.00310729	0.181593
0.00442698	0.999967	-0.00686242
-0.181565	0.0075522	0.98335
