XYZ rotation is: [-8.69791e-09, -1.722e-08, -1.32884e-09]
Rotation matrix C1MO (O to C1):
1	1.32884e-09	-1.722e-08
-1.32884e-09	1	8.69791e-09
1.722e-08	-8.69791e-09	1
XYZ rotation is: [-0.00311751, -0.0301662, 0.00111696]
Rotation matrix C2MO (O to C2):
0.999544	-0.00102293	-0.030165
0.00111645	0.999995	0.00308381
0.0301616	-0.00311608	0.99954
XYZ rotation is: [-0.0031175, -0.0301662, 0.00111696]
Rotation matrix R:
0.999544	-0.00102293	-0.0301649
0.00111645	0.999995	0.0030838
0.0301616	-0.00311607	0.99954
