XYZ rotation is: [3.59179e-08, -8.03792e-09, -3.18091e-09]
Rotation matrix C1MO (O to C1):
1	3.18091e-09	-8.03792e-09
-3.18091e-09	1	-3.59179e-08
8.03792e-09	3.59179e-08	1
XYZ rotation is: [0.0358541, -0.0274912, -0.00266507]
Rotation matrix C2MO (O to C2):
0.999619	0.00167803	-0.0275655
-0.00266406	0.999356	-0.0357731
0.0274877	0.0358329	0.99898
XYZ rotation is: [0.035854, -0.0274912, -0.00266507]
Rotation matrix R:
0.999619	0.00167802	-0.0275655
-0.00266406	0.999356	-0.035773
0.0274877	0.0358328	0.99898
