XYZ rotation is: [1.21232e-08, -4.1507e-08, -1.06763e-08]
Rotation matrix C1MO (O to C1):
1	1.06763e-08	-4.1507e-08
-1.06763e-08	1	-1.21232e-08
4.1507e-08	1.21232e-08	1
XYZ rotation is: [0.00500156, 0.169706, 0.00505391]
Rotation matrix C2MO (O to C2):
0.985622	-0.00420911	0.168914
0.00498128	0.999979	-0.00414792
-0.168893	0.00492969	0.985622
XYZ rotation is: [0.00500155, 0.169706, 0.00505392]
Rotation matrix R:
0.985622	-0.00420912	0.168914
0.0049813	0.999979	-0.00414791
-0.168893	0.00492968	0.985622
