XYZ rotation is: [-1.25105e-08, -2.50903e-08, -3.099e-09]
Rotation matrix C1MO (O to C1):
1	3.099e-09	-2.50903e-08
-3.099e-09	1	1.25105e-08
2.50903e-08	-1.25105e-08	1
XYZ rotation is: [-0.0223274, -0.0401511, -0.00212356]
Rotation matrix C2MO (O to C2):
0.999192	0.00301918	-0.0400828
-0.00212185	0.999747	0.0224107
0.0401403	-0.0223075	0.998945
XYZ rotation is: [-0.0223274, -0.040151, -0.00212356]
Rotation matrix R:
0.999192	0.00301918	-0.0400828
-0.00212184	0.999747	0.0224107
0.0401403	-0.0223075	0.998945
