XYZ rotation is: [-1.186e-08, 1.02354e-08, -9.15533e-09]
Rotation matrix C1MO (O to C1):
1	9.15533e-09	1.02354e-08
-9.15533e-09	1	1.186e-08
-1.02354e-08	-1.186e-08	1
XYZ rotation is: [0.0177265, 0.173674, 0.00260034]
Rotation matrix C2MO (O to C2):
0.984953	0.000463083	0.172821
0.00256122	0.999847	-0.0172763
-0.172802	0.0174589	0.984802
XYZ rotation is: [0.0177265, 0.173674, 0.00260035]
Rotation matrix R:
0.984953	0.000463076	0.172821
0.00256123	0.999847	-0.0172763
-0.172802	0.017459	0.984802
