XYZ rotation is: [1.42814e-08, 1.55395e-08, 2.499e-09]
Rotation matrix C1MO (O to C1):
1	-2.499e-09	1.55395e-08
2.499e-09	1	-1.42814e-08
-1.55395e-08	1.42814e-08	1
XYZ rotation is: [-0.00805745, -0.040469, -0.000368792]
Rotation matrix C2MO (O to C2):
0.999181	0.000694765	-0.0404537
-0.00036849	0.999967	0.00807229
0.040458	-0.00805077	0.999149
XYZ rotation is: [-0.00805747, -0.0404691, -0.000368794]
Rotation matrix R:
0.999181	0.000694768	-0.0404537
-0.000368492	0.999967	0.0080723
0.040458	-0.00805078	0.999149
