XYZ rotation is: [6.95982e-08, 1.65976e-08, -5.81102e-10]
Rotation matrix C1MO (O to C1):
1	5.81103e-10	1.65976e-08
-5.81102e-10	1	-6.95982e-08
-1.65976e-08	6.95982e-08	1
XYZ rotation is: [0.00522502, -0.0320957, -3.31213e-05]
Rotation matrix C2MO (O to C2):
0.999485	-0.00013455	-0.0320899
-3.31042e-05	0.999986	-0.00522394
0.0320902	0.00522231	0.999471
XYZ rotation is: [0.00522495, -0.0320957, -3.31208e-05]
Rotation matrix R:
0.999485	-0.000134549	-0.0320899
-3.31037e-05	0.999986	-0.00522387
0.0320902	0.00522224	0.999471
