XYZ rotation is: [2.8498e-09, 5.86129e-10, 9.42557e-10]
Rotation matrix C1MO (O to C1):
1	-9.42557e-10	5.86129e-10
9.42557e-10	1	-2.8498e-09
-5.86129e-10	2.8498e-09	1
XYZ rotation is: [-0.0114362, -0.0392513, -0.000713395]
Rotation matrix C2MO (O to C2):
0.99923	0.00116211	-0.0392305
-0.000712846	0.999934	0.0114639
0.0392413	-0.0114271	0.999164
XYZ rotation is: [-0.0114362, -0.0392513, -0.000713396]
Rotation matrix R:
0.99923	0.00116211	-0.0392305
-0.000712847	0.999934	0.0114639
0.0392413	-0.0114271	0.999164
