XYZ rotation is: [2.9677e-08, -9.33449e-09, 1.55793e-09]
Rotation matrix C1MO (O to C1):
1	-1.55793e-09	-9.33449e-09
1.55793e-09	1	-2.9677e-08
9.33449e-09	2.9677e-08	1
XYZ rotation is: [-0.0124863, -0.0358536, 0.000472362]
Rotation matrix C2MO (O to C2):
0.999357	-2.47552e-05	-0.035849
0.000472059	0.999922	0.012469
0.0358459	-0.0124779	0.999279
XYZ rotation is: [-0.0124863, -0.0358536, 0.00047236]
Rotation matrix R:
0.999357	-2.47526e-05	-0.035849
0.000472057	0.999922	0.012469
0.0358459	-0.012478	0.999279
