XYZ rotation is: [1.36443e-08, -9.58538e-10, -2.38691e-10]
Rotation matrix C1MO (O to C1):
1	2.38691e-10	-9.58538e-10
-2.38691e-10	1	-1.36443e-08
9.58538e-10	1.36443e-08	1
XYZ rotation is: [0.00724008, -0.0303117, -0.000164408]
Rotation matrix C2MO (O to C2):
0.999541	-5.50199e-05	-0.0303075
-0.000164332	0.999974	-0.00723503
0.0303071	0.00723669	0.999514
XYZ rotation is: [0.00724006, -0.0303117, -0.000164408]
Rotation matrix R:
0.999541	-5.50197e-05	-0.0303075
-0.000164332	0.999974	-0.00723502
0.0303071	0.00723668	0.999514
