XYZ rotation is: [2.89111e-08, 1.88262e-08, 2.21965e-09]
Rotation matrix C1MO (O to C1):
1	-2.21965e-09	1.88262e-08
2.21965e-09	1	-2.89111e-08
-1.88262e-08	2.89111e-08	1
XYZ rotation is: [-0.00115664, -0.0315728, -0.000198319]
Rotation matrix C2MO (O to C2):
0.999502	0.000234832	-0.0315673
-0.000198221	0.999999	0.0011629
0.0315676	-0.00115606	0.999501
XYZ rotation is: [-0.00115667, -0.0315728, -0.000198322]
Rotation matrix R:
0.999502	0.000234835	-0.0315673
-0.000198223	0.999999	0.00116293
0.0315676	-0.00115609	0.999501
