XYZ rotation is: [5.89195e-08, 5.85705e-08, -1.0052e-08]
Rotation matrix C1MO (O to C1):
1	1.0052e-08	5.85705e-08
-1.0052e-08	1	-5.89195e-08
-5.85705e-08	5.89195e-08	1
XYZ rotation is: [-0.000379668, 0.203683, 0.00202376]
Rotation matrix C2MO (O to C2):
0.979326	-0.00210056	0.202277
0.00198193	0.999998	0.000789029
-0.202278	-0.000371819	0.979328
XYZ rotation is: [-0.000379725, 0.203683, 0.00202377]
Rotation matrix R:
0.979326	-0.00210058	0.202276
0.00198194	0.999998	0.000789087
-0.202278	-0.000371875	0.979328
