XYZ rotation is: [7.03493e-08, 8.30635e-08, -3.61475e-09]
Rotation matrix C1MO (O to C1):
1	3.61475e-09	8.30635e-08
-3.61475e-09	1	-7.03493e-08
-8.30635e-08	7.03493e-08	1
XYZ rotation is: [0.0175267, 0.177219, 0.00556671]
Rotation matrix C2MO (O to C2):
0.984322	-0.00247619	0.176361
0.00547949	0.999848	-0.0165443
-0.176293	0.0172513	0.984187
XYZ rotation is: [0.0175266, 0.177219, 0.00556671]
Rotation matrix R:
0.984322	-0.00247621	0.176361
0.00547949	0.999848	-0.0165442
-0.176293	0.0172512	0.984187
