XYZ rotation is: [-2.80159e-08, -3.22394e-09, 2.09501e-09]
Rotation matrix C1MO (O to C1):
1	-2.09501e-09	-3.22394e-09
2.09501e-09	1	2.80159e-08
3.22394e-09	-2.80159e-08	1
XYZ rotation is: [0.00655137, -0.0296278, 0.000580353]
Rotation matrix C2MO (O to C2):
0.999561	-0.000774414	-0.029619
0.000580099	0.999978	-0.00656852
0.0296235	0.00654845	0.99954
XYZ rotation is: [0.0065514, -0.0296278, 0.000580351]
Rotation matrix R:
0.999561	-0.000774413	-0.029619
0.000580096	0.999978	-0.00656855
0.0296235	0.00654848	0.99954
