XYZ rotation is: [-1.06901e-09, -4.21803e-08, -5.39071e-09]
Rotation matrix C1MO (O to C1):
1	5.39071e-09	-4.21803e-08
-5.39071e-09	1	1.06901e-09
4.21803e-08	-1.06901e-09	1
XYZ rotation is: [0.0155733, 0.197608, 0.00176189]
Rotation matrix C2MO (O to C2):
0.980537	0.00129562	0.196328
0.0017276	0.999883	-0.0152268
-0.196325	0.0152696	0.98042
XYZ rotation is: [0.0155733, 0.197608, 0.00176189]
Rotation matrix R:
0.980537	0.00129562	0.196328
0.0017276	0.999883	-0.0152268
-0.196325	0.0152696	0.98042
