XYZ rotation is: [3.04491e-08, 2.54636e-09, 4.47801e-09]
Rotation matrix C1MO (O to C1):
1	-4.47801e-09	2.54636e-09
4.47801e-09	1	-3.04491e-08
-2.54636e-09	3.04491e-08	1
XYZ rotation is: [0.0240337, 0.174963, -0.000285022]
Rotation matrix C2MO (O to C2):
0.984733	0.00446812	0.174014
-0.00028067	0.99971	-0.024081
-0.174071	0.0236645	0.984449
XYZ rotation is: [0.0240337, 0.174963, -0.000285026]
Rotation matrix R:
0.984733	0.00446812	0.174014
-0.000280675	0.99971	-0.024081
-0.174071	0.0236645	0.984449
