XYZ rotation is: [1.66881e-08, 5.19517e-09, 1.35462e-09]
Rotation matrix C1MO (O to C1):
1	-1.35462e-09	5.19517e-09
1.35462e-09	1	-1.66881e-08
-5.19517e-09	1.66881e-08	1
XYZ rotation is: [0.00228323, -0.0103767, 0.00133445]
Rotation matrix C2MO (O to C2):
0.999945	-0.00135814	-0.0103734
0.00133438	0.999996	-0.00229707
0.0103765	0.00228311	0.999944
XYZ rotation is: [0.00228322, -0.0103767, 0.00133445]
Rotation matrix R:
0.999945	-0.00135814	-0.0103734
0.00133438	0.999996	-0.00229706
0.0103765	0.00228309	0.999944
