XYZ rotation is: [-7.45768e-09, 1.41431e-09, 3.07546e-09]
Rotation matrix C1MO (O to C1):
1	-3.07546e-09	1.41431e-09
3.07546e-09	1	7.45768e-09
-1.41431e-09	-7.45768e-09	1
XYZ rotation is: [0.00179566, -0.220004, 0.000332019]
Rotation matrix C2MO (O to C2):
0.975897	-0.000723893	-0.218233
0.000324016	0.999998	-0.00186812
0.218234	0.00175238	0.975895
XYZ rotation is: [0.00179567, -0.220004, 0.000332016]
Rotation matrix R:
0.975897	-0.000723891	-0.218233
0.000324013	0.999998	-0.00186813
0.218234	0.00175239	0.975895
