XYZ rotation is: [4.80024e-09, -4.32599e-09, 2.88475e-09]
Rotation matrix C1MO (O to C1):
1	-2.88475e-09	-4.32599e-09
2.88475e-09	1	-4.80024e-09
4.32599e-09	4.80024e-09	1
XYZ rotation is: [-0.0275209, -0.213623, 0.0166426]
Rotation matrix C2MO (O to C2):
0.977134	-0.0108026	-0.21235
0.0162636	0.99958	0.0239869
0.212002	-0.0268919	0.976899
XYZ rotation is: [-0.0275209, -0.213623, 0.0166426]
Rotation matrix R:
0.977134	-0.0108026	-0.21235
0.0162636	0.99958	0.0239869
0.212002	-0.0268919	0.976899
