XYZ rotation is: [2.82819e-08, -2.73888e-08, -2.66637e-09]
Rotation matrix C1MO (O to C1):
1	2.66637e-09	-2.73888e-08
-2.66637e-09	1	-2.82819e-08
2.73888e-08	2.82819e-08	1
XYZ rotation is: [-0.0827844, -0.203132, 0.0396978]
Rotation matrix C2MO (O to C2):
0.978668	-0.0228829	-0.204171
0.0388714	0.996452	0.0746457
0.201738	-0.0809898	0.976085
XYZ rotation is: [-0.0827845, -0.203132, 0.0396978]
Rotation matrix R:
0.978668	-0.0228829	-0.204171
0.0388714	0.996452	0.0746457
0.201738	-0.0809898	0.976085
