XYZ rotation is: [3.04939e-08, 4.32904e-08, -9.07504e-09]
Rotation matrix C1MO (O to C1):
1	9.07504e-09	4.32904e-08
-9.07504e-09	1	-3.04939e-08
-4.32904e-08	3.04939e-08	1
XYZ rotation is: [-0.0211821, -0.412467, 0.00665965]
Rotation matrix C2MO (O to C2):
0.916114	0.00183235	-0.400913
0.00610109	0.99981	0.018511
0.400871	-0.0194042	0.915929
XYZ rotation is: [-0.0211821, -0.412468, 0.00665966]
Rotation matrix R:
0.916114	0.00183235	-0.400913
0.0061011	0.99981	0.018511
0.400871	-0.0194042	0.915929
