XYZ rotation is: [-7.94063e-09, -2.6081e-08, 4.93711e-09]
Rotation matrix C1MO (O to C1):
1	-4.93711e-09	-2.6081e-08
4.93711e-09	1	7.94063e-09
2.6081e-08	-7.94063e-09	1
XYZ rotation is: [-0.0159018, -0.218583, 0.0106003]
Rotation matrix C2MO (O to C2):
0.976151	-0.00715084	-0.216975
0.0103479	0.999854	0.0136019
0.216846	-0.0155227	0.976082
XYZ rotation is: [-0.0159018, -0.218582, 0.0106003]
Rotation matrix R:
0.976151	-0.00715083	-0.216975
0.0103478	0.999854	0.0136019
0.216846	-0.0155227	0.976082
