XYZ rotation is: [-2.59146e-08, -3.15265e-08, 5.45345e-09]
Rotation matrix C1MO (O to C1):
1	-5.45345e-09	-3.15265e-08
5.45345e-09	1	2.59146e-08
3.15265e-08	-2.59146e-08	1
XYZ rotation is: [0.0399836, -0.143341, -0.0090601]
Rotation matrix C2MO (O to C2):
0.989704	0.00334281	-0.143093
-0.00896706	0.999211	-0.0386781
0.142851	0.039563	0.988953
XYZ rotation is: [0.0399836, -0.143341, -0.0090601]
Rotation matrix R:
0.989704	0.00334281	-0.143093
-0.00896706	0.999211	-0.0386781
0.142851	0.039563	0.988953
