XYZ rotation is: [2.9525e-08, 1.59542e-07, -2.647e-08]
Rotation matrix C1MO (O to C1):
1	2.647e-08	1.59542e-07
-2.647e-08	1	-2.9525e-08
-1.59542e-07	2.9525e-08	1
XYZ rotation is: [-0.0406251, -0.324394, 0.00924316]
Rotation matrix C2MO (O to C2):
0.947804	0.00370911	-0.318833
0.00876095	0.999252	0.0376686
0.318734	-0.0384957	0.947062
XYZ rotation is: [-0.0406252, -0.324394, 0.0092432]
Rotation matrix R:
0.947804	0.0037091	-0.318833
0.00876098	0.999252	0.0376686
0.318734	-0.0384958	0.947062
