XYZ rotation is: [9.34836e-08, 3.3667e-08, -3.59068e-09]
Rotation matrix C1MO (O to C1):
1	3.59068e-09	3.3667e-08
-3.59068e-09	1	-9.34836e-08
-3.3667e-08	9.34836e-08	1
XYZ rotation is: [-0.232743, -0.234307, 0.0450397]
Rotation matrix C2MO (O to C2):
0.971689	0.00968423	-0.236064
0.0437942	0.974462	0.220242
0.232169	-0.224345	0.94645
XYZ rotation is: [-0.232743, -0.234307, 0.0450397]
Rotation matrix R:
0.971689	0.00968425	-0.236064
0.0437942	0.974462	0.220242
0.232169	-0.224345	0.94645
