XYZ rotation is: [-1.92319e-08, 1.43457e-07, 1.14971e-08]
Rotation matrix C1MO (O to C1):
1	-1.14971e-08	1.43457e-07
1.14971e-08	1	1.92319e-08
-1.43457e-07	-1.92319e-08	1
XYZ rotation is: [0.123471, -0.124869, -0.00508042]
Rotation matrix C2MO (O to C2):
0.992201	-0.0102967	-0.12422
-0.00504084	0.992452	-0.122528
0.124545	0.122199	0.98466
XYZ rotation is: [0.123472, -0.124869, -0.00508045]
Rotation matrix R:
0.992201	-0.0102967	-0.124221
-0.00504087	0.992452	-0.122529
0.124545	0.122199	0.98466
