XYZ rotation is: [1.47522e-09, 9.7465e-08, 9.15711e-09]
Rotation matrix C1MO (O to C1):
1	-9.15711e-09	9.7465e-08
9.15711e-09	1	-1.47522e-09
-9.7465e-08	1.47522e-09	1
XYZ rotation is: [-0.000691278, -0.242008, -0.00247792]
Rotation matrix C2MO (O to C2):
0.970856	0.00264358	-0.23965
-0.0024057	0.999996	0.00128511
0.239653	-0.000671133	0.970858
XYZ rotation is: [-0.000691277, -0.242008, -0.00247793]
Rotation matrix R:
0.970856	0.00264359	-0.23965
-0.00240571	0.999996	0.00128512
0.239653	-0.000671132	0.970858
