XYZ rotation is: [-8.95804e-09, -8.95329e-09, 1.22312e-09]
Rotation matrix C1MO (O to C1):
1	-1.22312e-09	-8.95329e-09
1.22312e-09	1	8.95804e-09
8.95329e-09	-8.95804e-09	1
XYZ rotation is: [0.896397, -1.27087, -0.96751]
Rotation matrix C2MO (O to C2):
0.167624	0.0908365	-0.981657
-0.243296	0.968759	0.0480985
0.955358	0.230771	0.184488
XYZ rotation is: [0.896397, -1.27087, -0.96751]
Rotation matrix R:
0.167624	0.0908365	-0.981657
-0.243296	0.968759	0.0480985
0.955358	0.230771	0.184488
