XYZ rotation is: [3.70688e-09, -1.57252e-09, 8.47091e-09]
Rotation matrix C1MO (O to C1):
1	-8.47091e-09	-1.57252e-09
8.47091e-09	1	-3.70688e-09
1.57252e-09	3.70688e-09	1
XYZ rotation is: [0.00200036, -0.261363, 0.0112454]
Rotation matrix C2MO (O to C2):
0.965978	-0.011762	-0.258358
0.0108632	0.999929	-0.00490595
0.258398	0.00193242	0.966037
XYZ rotation is: [0.00200036, -0.261363, 0.0112454]
Rotation matrix R:
0.965978	-0.011762	-0.258358
0.0108632	0.999929	-0.00490595
0.258398	0.00193242	0.966037
