XYZ rotation is: [9.39805e-09, 5.49959e-09, -1.01871e-08]
Rotation matrix C1MO (O to C1):
1	1.01871e-08	5.49959e-09
-1.01871e-08	1	-9.39805e-09
-5.49959e-09	9.39805e-09	1
XYZ rotation is: [0.0222529, -0.0564715, -0.0026813]
Rotation matrix C2MO (O to C2):
0.998402	0.00142475	-0.056487
-0.00267702	0.999752	-0.0220997
0.0564415	0.0222156	0.998159
XYZ rotation is: [0.0222529, -0.0564715, -0.00268129]
Rotation matrix R:
0.998402	0.00142474	-0.056487
-0.00267701	0.999752	-0.0220997
0.0564415	0.0222156	0.998159
