XYZ rotation is: [-1.19564e-07, -5.57519e-08, 8.35886e-09]
Rotation matrix C1MO (O to C1):
1	-8.35886e-09	-5.57519e-08
8.35886e-09	1	1.19564e-07
5.57519e-08	-1.19564e-07	1
XYZ rotation is: [-0.339892, 0.169006, 0.0525051]
Rotation matrix C2MO (O to C2):
0.984394	-0.105478	0.140865
0.0517332	0.938549	0.341248
-0.168203	-0.328635	0.929358
XYZ rotation is: [-0.339892, 0.169006, 0.052505]
Rotation matrix R:
0.984394	-0.105478	0.140865
0.0517332	0.938549	0.341248
-0.168203	-0.328635	0.929358
