XYZ rotation is: [6.37973e-09, -2.93072e-08, 2.10148e-09]
Rotation matrix C1MO (O to C1):
1	-2.10148e-09	-2.93072e-08
2.10148e-09	1	-6.37973e-09
2.93072e-08	6.37973e-09	1
XYZ rotation is: [-0.01868, 0.359673, -0.00777704]
Rotation matrix C2MO (O to C2):
0.935984	0.0012014	0.352042
-0.00727933	0.999846	0.0159416
-0.351969	-0.0174837	0.935849
XYZ rotation is: [-0.01868, 0.359673, -0.00777704]
Rotation matrix R:
0.935984	0.0012014	0.352042
-0.00727933	0.999846	0.0159416
-0.351969	-0.0174837	0.935849
