XYZ rotation is: [1.99551e-09, 2.18509e-09, -2.94201e-09]
Rotation matrix C1MO (O to C1):
1	2.94201e-09	2.18509e-09
-2.94201e-09	1	-1.99551e-09
-2.18509e-09	1.99551e-09	1
XYZ rotation is: [-0.00493828, 0.194344, -0.00422945]
Rotation matrix C2MO (O to C2):
0.981166	0.0032757	0.19314
-0.00414982	0.999983	0.00412142
-0.193123	-0.0048453	0.981163
XYZ rotation is: [-0.00493828, 0.194344, -0.00422945]
Rotation matrix R:
0.981166	0.0032757	0.19314
-0.00414981	0.999983	0.00412143
-0.193123	-0.0048453	0.981163
