XYZ rotation is: [-2.55434e-08, -1.29952e-09, -1.70003e-08]
Rotation matrix C1MO (O to C1):
1	1.70003e-08	-1.29952e-09
-1.70003e-08	1	2.55434e-08
1.29952e-09	-2.55434e-08	1
XYZ rotation is: [0.000572985, 0.261293, -0.00201424]
Rotation matrix C2MO (O to C2):
0.966055	0.00216226	0.258328
-0.00194587	0.999998	-0.00109332
-0.25833	0.000553536	0.966057
XYZ rotation is: [0.000573015, 0.261293, -0.00201423]
Rotation matrix R:
0.966055	0.00216225	0.258328
-0.00194585	0.999998	-0.00109335
-0.25833	0.000553565	0.966057
