XYZ rotation is: [-8.03893e-09, 4.06458e-09, -6.71551e-09]
Rotation matrix C1MO (O to C1):
1	6.71551e-09	4.06458e-09
-6.71551e-09	1	8.03893e-09
-4.06458e-09	-8.03893e-09	1
XYZ rotation is: [-0.00582862, 0.0924923, -0.00279828]
Rotation matrix C2MO (O to C2):
0.995722	0.0022599	0.0923749
-0.00278631	0.999981	0.00557012
-0.0923605	-0.00580367	0.995709
XYZ rotation is: [-0.00582861, 0.0924923, -0.00279827]
Rotation matrix R:
0.995722	0.00225989	0.0923749
-0.00278631	0.999981	0.00557011
-0.0923605	-0.00580367	0.995709
