XYZ rotation is: [9.09723e-09, -1.25803e-09, 8.99958e-09]
Rotation matrix C1MO (O to C1):
1	-8.99958e-09	-1.25803e-09
8.99958e-09	1	-9.09723e-09
1.25803e-09	9.09723e-09	1
XYZ rotation is: [-0.0141673, 0.148478, -0.00594884]
Rotation matrix C2MO (O to C2):
0.98898	0.0038525	0.148
-0.00588335	0.999894	0.0132867
-0.147933	-0.014011	0.988898
XYZ rotation is: [-0.0141673, 0.148478, -0.00594885]
Rotation matrix R:
0.98898	0.0038525	0.148
-0.00588336	0.999894	0.0132867
-0.147933	-0.014011	0.988898
