XYZ rotation is: [1.89656e-08, 1.71218e-08, -4.82447e-09]
Rotation matrix C1MO (O to C1):
1	4.82447e-09	1.71218e-08
-4.82447e-09	1	-1.89656e-08
-1.71218e-08	1.89656e-08	1
XYZ rotation is: [3.00759, -0.99744, 2.51061]
Rotation matrix C2MO (O to C2):
-0.438005	0.675274	-0.593428
0.320013	0.733998	0.599031
0.840085	0.0724739	-0.537591
XYZ rotation is: [3.00759, -0.99744, 2.51061]
Rotation matrix R:
-0.438005	0.675274	-0.593428
0.320013	0.733998	0.599031
0.840085	0.0724739	-0.537591
