XYZ rotation is: [1.025e-09, -3.52388e-08, -8.34597e-09]
Rotation matrix C1MO (O to C1):
1	8.34597e-09	-3.52388e-08
-8.34597e-09	1	-1.025e-09
3.52388e-08	1.025e-09	1
XYZ rotation is: [0.0014761, 0.316322, 0.0341201]
Rotation matrix C2MO (O to C2):
0.949833	-0.0336546	0.310942
0.032421	0.999433	0.00913653
-0.311073	0.00140286	0.950385
XYZ rotation is: [0.0014761, 0.316322, 0.0341201]
Rotation matrix R:
0.949833	-0.0336546	0.310942
0.032421	0.999433	0.00913653
-0.311073	0.00140286	0.950385
