XYZ rotation is: [-5.63244e-09, -9.52399e-10, 2.49253e-08]
Rotation matrix C1MO (O to C1):
1	-2.49253e-08	-9.52399e-10
2.49253e-08	1	5.63244e-09
9.52399e-10	-5.63244e-09	1
XYZ rotation is: [0.0546226, 0.330073, 0.0973604]
Rotation matrix C2MO (O to C2):
0.941539	-0.0794505	0.327403
0.0919594	0.9955	-0.022878
-0.324112	0.0516483	0.944608
XYZ rotation is: [0.0546226, 0.330073, 0.0973604]
Rotation matrix R:
0.941539	-0.0794504	0.327403
0.0919593	0.9955	-0.0228781
-0.324112	0.0516483	0.944608
