XYZ rotation is: [-6.72078e-09, 2.60189e-08, 1.85204e-09]
Rotation matrix C1MO (O to C1):
1	-1.85204e-09	2.60189e-08
1.85204e-09	1	6.72078e-09
-2.60189e-08	-6.72078e-09	1
XYZ rotation is: [0.0054931, 0.317077, 0.0347854]
Rotation matrix C2MO (O to C2):
0.949576	-0.0330662	0.311788
0.0330447	0.99944	0.00535365
-0.311791	0.00521925	0.950137
XYZ rotation is: [0.00549311, 0.317077, 0.0347854]
Rotation matrix R:
0.949576	-0.0330662	0.311788
0.0330447	0.99944	0.00535364
-0.311791	0.00521926	0.950137
