XYZ rotation is: [4.59448e-09, 1.87637e-08, 2.77503e-09]
Rotation matrix C1MO (O to C1):
1	-2.77503e-09	1.87637e-08
2.77503e-09	1	-4.59448e-09
-1.87637e-08	4.59448e-09	1
XYZ rotation is: [0.0125098, 0.285636, 0.0558869]
Rotation matrix C2MO (O to C2):
0.957985	-0.0523342	0.282004
0.0535946	0.998557	0.00324776
-0.281767	0.0120026	0.959408
XYZ rotation is: [0.0125098, 0.285636, 0.0558869]
Rotation matrix R:
0.957985	-0.0523342	0.282004
0.0535946	0.998557	0.00324777
-0.281767	0.0120026	0.959408
