XYZ rotation is: [-1.9485e-09, 2.49777e-08, 2.36953e-08]
Rotation matrix C1MO (O to C1):
1	-2.36953e-08	2.49777e-08
2.36953e-08	1	1.9485e-09
-2.49777e-08	-1.9485e-09	1
XYZ rotation is: [-0.169352, 0.495343, -0.702994]
Rotation matrix C2MO (O to C2):
0.671213	0.576136	0.466413
-0.568798	0.80379	-0.174326
-0.475334	-0.148286	0.867219
XYZ rotation is: [-0.169352, 0.495343, -0.702994]
Rotation matrix R:
0.671213	0.576136	0.466413
-0.568798	0.80379	-0.174326
-0.475334	-0.148286	0.867219
