XYZ rotation is: [-9.75231e-10, -3.00398e-09, 6.12161e-09]
Rotation matrix C1MO (O to C1):
1	-6.12161e-09	-3.00398e-09
6.12161e-09	1	9.75231e-10
3.00398e-09	-9.75231e-10	1
XYZ rotation is: [0.0165667, 0.326906, 0.0530042]
Rotation matrix C2MO (O to C2):
0.94571	-0.04766	0.321497
0.0501736	0.99874	0.000467428
-0.321114	0.0156886	0.94691
XYZ rotation is: [0.0165667, 0.326906, 0.0530042]
Rotation matrix R:
0.94571	-0.04766	0.321497
0.0501736	0.99874	0.000467427
-0.321114	0.0156886	0.94691
