XYZ rotation is: [-2.21738e-09, 6.31874e-09, 1.83753e-08]
Rotation matrix C1MO (O to C1):
1	-1.83753e-08	6.31874e-09
1.83753e-08	1	2.21738e-09
-6.31874e-09	-2.21738e-09	1
XYZ rotation is: [0.0198504, 0.319951, 0.0526263]
Rotation matrix C2MO (O to C2):
0.947937	-0.0463574	0.315067
0.0499325	0.998747	-0.00328053
-0.31452	0.0188418	0.949064
XYZ rotation is: [0.0198504, 0.319951, 0.0526263]
Rotation matrix R:
0.947937	-0.0463573	0.315067
0.0499325	0.998747	-0.00328053
-0.31452	0.0188418	0.949064
