XYZ rotation is: [-2.34672e-07, -9.3926e-07, -7.472e-08]
Rotation matrix C1MO (O to C1):
1	7.47202e-08	-9.3926e-07
-7.472e-08	1	2.34672e-07
9.3926e-07	-2.34672e-07	1
XYZ rotation is: [-0.00525104, 0.760432, -0.00860295]
Rotation matrix C2MO (O to C2):
0.724511	0.00498367	0.689245
-0.00623309	0.99998	-0.000678473
-0.689235	-0.00380456	0.724528
XYZ rotation is: [-0.00525074, 0.760433, -0.00860285]
Rotation matrix R:
0.724511	0.00498378	0.689246
-0.00623301	0.99998	-0.000678713
-0.689235	-0.00380434	0.724528
