XYZ rotation is: [2.16019e-07, -3.49334e-07, 1.45002e-07]
Rotation matrix C1MO (O to C1):
1	-1.45002e-07	-3.49334e-07
1.45002e-07	1	-2.16019e-07
3.49334e-07	2.16019e-07	1
XYZ rotation is: [-0.187195, 0.368334, -0.0548907]
Rotation matrix C2MO (O to C2):
0.931523	-0.013003	0.363449
-0.0511834	0.984727	0.166414
-0.360062	-0.173621	0.91663
XYZ rotation is: [-0.187195, 0.368334, -0.0548909]
Rotation matrix R:
0.931523	-0.013003	0.363449
-0.0511836	0.984727	0.166414
-0.360062	-0.173621	0.91663
