XYZ rotation is: [6.89318e-09, 1.48811e-08, -5.98276e-08]
Rotation matrix C1MO (O to C1):
1	5.98276e-08	1.48811e-08
-5.98276e-08	1	-6.89318e-09
-1.48811e-08	6.89318e-09	1
XYZ rotation is: [-0.104595, 0.271826, 0.00678196]
Rotation matrix C2MO (O to C2):
0.96326	-0.0347759	0.26631
0.00653289	0.994322	0.106213
-0.268491	-0.100571	0.958018
XYZ rotation is: [-0.104595, 0.271826, 0.00678202]
Rotation matrix R:
0.96326	-0.034776	0.26631
0.00653295	0.994322	0.106213
-0.268491	-0.100571	0.958018
