XYZ rotation is: [1.78961e-09, 1.84239e-08, 2.64064e-09]
Rotation matrix C1MO (O to C1):
1	-2.64064e-09	1.84239e-08
2.64064e-09	1	-1.78961e-09
-1.84239e-08	1.78961e-09	1
XYZ rotation is: [0.0186121, 0.093818, -0.00551093]
Rotation matrix C2MO (O to C2):
0.995587	0.00725341	0.0935602
-0.00548667	0.999802	-0.0191269
-0.0936804	0.0185292	0.99543
XYZ rotation is: [0.0186121, 0.0938179, -0.00551094]
Rotation matrix R:
0.995587	0.00725341	0.0935602
-0.00548667	0.999802	-0.0191269
-0.0936804	0.0185292	0.99543
