XYZ rotation is: [-4.26431e-08, -6.8442e-08, 1.12342e-08]
Rotation matrix C1MO (O to C1):
1	-1.12342e-08	-6.8442e-08
1.12342e-08	1	4.26431e-08
6.8442e-08	-4.26431e-08	1
XYZ rotation is: [-0.024781, -0.0489147, 0.0118376]
Rotation matrix C2MO (O to C2):
0.998734	-0.0106222	-0.04917
0.0118231	0.999637	0.0241981
0.0488952	-0.0247488	0.998497
XYZ rotation is: [-0.024781, -0.0489146, 0.0118375]
Rotation matrix R:
0.998734	-0.0106222	-0.04917
0.0118231	0.999637	0.0241981
0.0488951	-0.0247488	0.998497
