XYZ rotation is: [1.25411e-07, -1.45803e-07, -3.60761e-08]
Rotation matrix C1MO (O to C1):
1	3.60761e-08	-1.45803e-07
-3.60761e-08	1	-1.25411e-07
1.45803e-07	1.25411e-07	1
XYZ rotation is: [-0.011781, -0.302726, 0.00246832]
Rotation matrix C2MO (O to C2):
0.954524	0.00104396	-0.298131
0.00235608	0.999936	0.0110449
0.298124	-0.011245	0.954461
XYZ rotation is: [-0.0117811, -0.302726, 0.00246836]
Rotation matrix R:
0.954524	0.00104396	-0.298131
0.00235611	0.999936	0.011045
0.298124	-0.0112452	0.954461
