XYZ rotation is: [1.72077e-08, 1.44223e-08, -4.26954e-09]
Rotation matrix C1MO (O to C1):
1	4.26954e-09	1.44223e-08
-4.26954e-09	1	-1.72077e-08
-1.44223e-08	1.72077e-08	1
XYZ rotation is: [0.000684926, -0.205489, 0.00158351]
Rotation matrix C2MO (O to C2):
0.97896	-0.00172327	-0.204044
0.0015502	0.999998	-0.00100803
0.204046	0.000670516	0.978961
XYZ rotation is: [0.000684908, -0.205489, 0.00158352]
Rotation matrix R:
0.97896	-0.00172327	-0.204044
0.0015502	0.999998	-0.00100802
0.204046	0.000670499	0.978961
