XYZ rotation is: [5.1814e-08, 2.94801e-08, -2.01499e-08]
Rotation matrix C1MO (O to C1):
1	2.01499e-08	2.94801e-08
-2.01499e-08	1	-5.1814e-08
-2.94801e-08	5.1814e-08	1
XYZ rotation is: [-0.00201718, 0.0889945, 0.000407014]
Rotation matrix C2MO (O to C2):
0.996043	-0.000586294	0.0888761
0.000405404	0.999998	0.00205335
-0.0888771	-0.00200919	0.996041
XYZ rotation is: [-0.00201723, 0.0889945, 0.000407035]
Rotation matrix R:
0.996043	-0.000586319	0.0888761
0.000405424	0.999998	0.0020534
-0.0888771	-0.00200924	0.996041
