XYZ rotation is: [4.20866e-08, -7.71897e-08, -2.63589e-08]
Rotation matrix C1MO (O to C1):
1	2.63589e-08	-7.71897e-08
-2.63589e-08	1	-4.20866e-08
7.71897e-08	4.20866e-08	1
XYZ rotation is: [0.0553225, -0.550252, -0.0239692]
Rotation matrix C2MO (O to C2):
0.852148	-0.00497494	-0.523277
-0.0204292	0.998876	-0.0427652
0.522902	0.0471324	0.851089
XYZ rotation is: [0.0553224, -0.550251, -0.0239691]
Rotation matrix R:
0.852148	-0.00497494	-0.523277
-0.0204292	0.998876	-0.0427652
0.522902	0.0471324	0.851089
