XYZ rotation is: [-7.7834e-09, -5.18071e-09, 2.80205e-09]
Rotation matrix C1MO (O to C1):
1	-2.80205e-09	-5.18071e-09
2.80205e-09	1	7.7834e-09
5.18071e-09	-7.7834e-09	1
XYZ rotation is: [0.0597041, 0.0298049, -0.0191825]
Rotation matrix C2MO (O to C2):
0.999372	0.020925	0.0285974
-0.0191728	0.998	-0.0602282
-0.0298005	0.0596421	0.997775
XYZ rotation is: [0.0597041, 0.029805, -0.0191825]
Rotation matrix R:
0.999372	0.020925	0.0285974
-0.0191728	0.998	-0.0602282
-0.0298005	0.0596421	0.997775
