XYZ rotation is: [-1.54411e-08, -1.79551e-07, -4.64035e-09]
Rotation matrix C1MO (O to C1):
1	4.64035e-09	-1.79551e-07
-4.64035e-09	1	1.54411e-08
1.79551e-07	-1.54411e-08	1
XYZ rotation is: [0.0210369, -0.11536, -0.0062433]
Rotation matrix C2MO (O to C2):
0.993334	0.00382067	-0.115208
-0.00620176	0.999774	-0.0203165
0.115104	0.0208955	0.993134
XYZ rotation is: [0.0210369, -0.115359, -0.00624329]
Rotation matrix R:
0.993334	0.00382067	-0.115207
-0.00620175	0.999774	-0.0203165
0.115104	0.0208955	0.993134
