XYZ rotation is: [4.53502e-09, 2.95767e-08, 2.18414e-09]
Rotation matrix C1MO (O to C1):
1	-2.18414e-09	2.95767e-08
2.18414e-09	1	-4.53502e-09
-2.95767e-08	4.53502e-09	1
XYZ rotation is: [-0.0207439, -0.155264, -0.000611055]
Rotation matrix C2MO (O to C2):
0.987971	0.00381854	-0.154595
-0.000603704	0.999783	0.0208369
0.154641	-0.0204929	0.987758
XYZ rotation is: [-0.0207439, -0.155264, -0.000611056]
Rotation matrix R:
0.987971	0.00381854	-0.154595
-0.000603706	0.999783	0.0208369
0.154641	-0.0204929	0.987758
