XYZ rotation is: [7.85183e-08, -2.95493e-08, 1.44551e-08]
Rotation matrix C1MO (O to C1):
1	-1.44551e-08	-2.95493e-08
1.44551e-08	1	-7.85183e-08
2.95493e-08	7.85183e-08	1
XYZ rotation is: [0.00179748, -0.545529, -0.0194856]
Rotation matrix C2MO (O to C2):
0.854691	0.0185519	-0.518806
-0.0166563	0.999827	0.00831272
0.51887	0.00153658	0.854852
XYZ rotation is: [0.00179741, -0.545529, -0.0194856]
Rotation matrix R:
0.854691	0.0185519	-0.518806
-0.0166563	0.999827	0.0083128
0.51887	0.00153652	0.854852
