XYZ rotation is: [1.71166e-09, 1.16976e-08, -3.03014e-08]
Rotation matrix C1MO (O to C1):
1	3.03014e-08	1.16976e-08
-3.03014e-08	1	-1.71166e-09
-1.16976e-08	1.71166e-09	1
XYZ rotation is: [-0.000255857, -0.0481395, -0.00363748]
Rotation matrix C2MO (O to C2):
0.998835	0.00364979	-0.0481197
-0.00363326	0.999993	0.000430894
0.0481209	-0.000255561	0.998841
XYZ rotation is: [-0.00025586, -0.0481395, -0.00363745]
Rotation matrix R:
0.998835	0.00364976	-0.0481197
-0.00363323	0.999993	0.000430896
0.0481209	-0.000255564	0.998841
