XYZ rotation is: [1.39919e-07, -1.44635e-06, 2.82702e-08]
Rotation matrix C1MO (O to C1):
1	-2.82704e-08	-1.44635e-06
2.82702e-08	1	-1.39919e-07
1.44635e-06	1.39919e-07	1
XYZ rotation is: [0.0087466, 0.485275, -0.0011012]
Rotation matrix C2MO (O to C2):
0.884546	0.00518096	0.466423
-0.000974061	0.999957	-0.00926012
-0.466451	0.00773668	0.884513
XYZ rotation is: [0.00874645, 0.485276, -0.00110122]
Rotation matrix R:
0.884546	0.00518092	0.466425
-0.000974075	0.999957	-0.00925998
-0.466453	0.00773654	0.884512
