XYZ rotation is: [-6.9681e-08, 1.50681e-09, -1.21188e-09]
Rotation matrix C1MO (O to C1):
1	1.21188e-09	1.50681e-09
-1.21188e-09	1	6.9681e-08
-1.50681e-09	-6.9681e-08	1
XYZ rotation is: [0.00921834, 0.211234, 0.00110952]
Rotation matrix C2MO (O to C2):
0.977772	0.000823274	0.209668
0.00108486	0.999959	-0.00898559
-0.209667	0.00901332	0.977731
XYZ rotation is: [0.00921841, 0.211234, 0.00110952]
Rotation matrix R:
0.977772	0.000823288	0.209668
0.00108486	0.999959	-0.00898566
-0.209667	0.00901339	0.977731
