XYZ rotation is: [-2.22144e-07, -3.03936e-07, -1.03675e-07]
Rotation matrix C1MO (O to C1):
1	1.03675e-07	-3.03936e-07
-1.03675e-07	1	2.22144e-07
3.03936e-07	-2.22144e-07	1
XYZ rotation is: [-0.0282746, 0.132201, -0.00291614]
Rotation matrix C2MO (O to C2):
0.99127	-0.000811576	0.131845
-0.00289069	0.999607	0.0278865
-0.131816	-0.0280242	0.990878
XYZ rotation is: [-0.0282744, 0.132201, -0.00291604]
Rotation matrix R:
0.99127	-0.000811649	0.131846
-0.00289059	0.999607	0.0278863
-0.131817	-0.0280239	0.990878
