XYZ rotation is: [8.91625e-08, -1.26527e-08, -3.97478e-08]
Rotation matrix C1MO (O to C1):
1	3.97478e-08	-1.26527e-08
-3.97478e-08	1	-8.91625e-08
1.26527e-08	8.91625e-08	1
XYZ rotation is: [0.0573314, -0.442662, -0.0176988]
Rotation matrix C2MO (O to C2):
0.903473	-0.00687156	-0.428589
-0.0159921	0.998635	-0.0497226
0.428346	0.0517771	0.90213
XYZ rotation is: [0.0573313, -0.442662, -0.0176988]
Rotation matrix R:
0.903473	-0.00687155	-0.428589
-0.015992	0.998635	-0.0497226
0.428346	0.051777	0.90213
