XYZ rotation is: [3.97771e-08, 2.72828e-08, 5.19989e-09]
Rotation matrix C1MO (O to C1):
1	-5.19989e-09	2.72828e-08
5.19989e-09	1	-3.97771e-08
-2.72828e-08	3.97771e-08	1
XYZ rotation is: [0.0659929, -0.0155549, 0.0292287]
Rotation matrix C2MO (O to C2):
0.999452	-0.0301862	-0.0135865
0.029221	0.997367	-0.0663704
0.0155542	0.065937	0.997703
XYZ rotation is: [0.0659928, -0.0155549, 0.0292287]
Rotation matrix R:
0.999452	-0.0301862	-0.0135866
0.029221	0.997367	-0.0663704
0.0155543	0.065937	0.997703
