XYZ rotation is: [-1.18384e-07, -9.23447e-08, -2.34748e-08]
Rotation matrix C1MO (O to C1):
1	2.34748e-08	-9.23447e-08
-2.34748e-08	1	1.18384e-07
9.23447e-08	-1.18384e-07	1
XYZ rotation is: [-0.00999879, 0.0997848, 0.000558234]
Rotation matrix C2MO (O to C2):
0.995025	-0.00155426	0.0996087
0.000555457	0.999949	0.0100542
-0.0996193	-0.00994888	0.994976
XYZ rotation is: [-0.00999867, 0.0997849, 0.000558257]
Rotation matrix R:
0.995025	-0.00155427	0.0996088
0.00055548	0.999949	0.0100541
-0.0996194	-0.00994876	0.994976
