XYZ rotation is: [1.10154e-08, -1.71698e-08, 1.87042e-08]
Rotation matrix C1MO (O to C1):
1	-1.87042e-08	-1.71698e-08
1.87042e-08	1	-1.10154e-08
1.71698e-08	1.10154e-08	1
XYZ rotation is: [0.00978552, -0.193404, -0.00364294]
Rotation matrix C2MO (O to C2):
0.981349	0.00176202	-0.192226
-0.00357502	0.999952	-0.00908515
0.192201	0.00960292	0.981309
XYZ rotation is: [0.00978551, -0.193404, -0.00364296]
Rotation matrix R:
0.981349	0.00176204	-0.192226
-0.00357503	0.999952	-0.00908514
0.192201	0.00960291	0.981309
