XYZ rotation is: [1.65817e-09, 5.9939e-10, 1.58036e-09]
Rotation matrix C1MO (O to C1):
1	-1.58036e-09	5.9939e-10
1.58036e-09	1	-1.65817e-09
-5.9939e-10	1.65817e-09	1
XYZ rotation is: [0.0023279, 0.00717412, -0.00136529]
Rotation matrix C2MO (O to C2):
0.999973	0.00138198	0.00717085
-0.00136525	0.999996	-0.00233769
-0.00717406	0.00232784	0.999972
XYZ rotation is: [0.0023279, 0.00717412, -0.00136529]
Rotation matrix R:
0.999973	0.00138199	0.00717085
-0.00136525	0.999996	-0.00233769
-0.00717405	0.00232784	0.999972
