XYZ rotation is: [-6.16343e-09, -9.42479e-08, -1.04916e-08]
Rotation matrix C1MO (O to C1):
1	1.04916e-08	-9.42479e-08
-1.04916e-08	1	6.16343e-09
9.42479e-08	-6.16343e-09	1
XYZ rotation is: [-0.00878682, 0.22688, -0.00165541]
Rotation matrix C2MO (O to C2):
0.974372	-0.000321127	0.224944
-0.00161298	0.999963	0.00841434
-0.224939	-0.00856153	0.974335
XYZ rotation is: [-0.00878681, 0.22688, -0.0016554]
Rotation matrix R:
0.974372	-0.000321135	0.224944
-0.00161297	0.999963	0.00841434
-0.224939	-0.00856152	0.974335
