XYZ rotation is: [-1.68324e-07, -2.01006e-07, -7.95401e-08]
Rotation matrix C1MO (O to C1):
1	7.95402e-08	-2.01006e-07
-7.95401e-08	1	1.68324e-07
2.01006e-07	-1.68324e-07	1
XYZ rotation is: [0.0317072, 0.522955, 0.0129865]
Rotation matrix C2MO (O to C2):
0.866274	0.00285239	0.499561
0.0112505	0.999619	-0.0252167
-0.499443	0.0274649	0.865912
XYZ rotation is: [0.0317075, 0.522955, 0.0129866]
Rotation matrix R:
0.866274	0.0028524	0.499561
0.0112505	0.999619	-0.0252169
-0.499443	0.0274651	0.865911
