XYZ rotation is: [1.25209e-09, -3.92114e-10, -2.61877e-10]
Rotation matrix C1MO (O to C1):
1	2.61877e-10	-3.92114e-10
-2.61877e-10	1	-1.25209e-09
3.92114e-10	1.25209e-09	1
XYZ rotation is: [0.0165995, -0.130512, -0.00168998]
Rotation matrix C2MO (O to C2):
0.991494	-0.000470435	-0.130151
-0.00167561	0.999864	-0.0163788
0.130142	0.0164576	0.991359
XYZ rotation is: [0.0165995, -0.130512, -0.00168998]
Rotation matrix R:
0.991494	-0.000470435	-0.130151
-0.00167561	0.999864	-0.0163788
0.130142	0.0164576	0.991359
