XYZ rotation is: [1.73602e-09, 3.41567e-09, 1.48137e-08]
Rotation matrix C1MO (O to C1):
1	-1.48137e-08	3.41567e-09
1.48137e-08	1	-1.73602e-09
-3.41567e-09	1.73602e-09	1
XYZ rotation is: [-0.0409295, -0.444231, 0.0518432]
Rotation matrix C2MO (O to C2):
0.901728	-0.0342152	-0.430947
0.0467904	0.998731	0.0186114
0.429763	-0.0369466	0.902185
XYZ rotation is: [-0.0409294, -0.444231, 0.0518432]
Rotation matrix R:
0.901728	-0.0342152	-0.430947
0.0467904	0.998731	0.0186114
0.429763	-0.0369466	0.902185
