XYZ rotation is: [1.64249e-07, -5.48069e-08, -3.62031e-08]
Rotation matrix C1MO (O to C1):
1	3.62031e-08	-5.48069e-08
-3.62031e-08	1	-1.64249e-07
5.48069e-08	1.64249e-07	1
XYZ rotation is: [-0.147768, 0.0987484, 0.015872]
Rotation matrix C2MO (O to C2):
0.995003	-0.0302117	0.0951646
0.015794	0.988747	0.14876
-0.098588	-0.146513	0.984284
XYZ rotation is: [-0.147768, 0.0987484, 0.015872]
Rotation matrix R:
0.995003	-0.0302117	0.0951646
0.015794	0.988747	0.14876
-0.098588	-0.146513	0.984284
