XYZ rotation is: [-4.338e-09, -4.50863e-08, 3.1572e-09]
Rotation matrix C1MO (O to C1):
1	-3.1572e-09	-4.50863e-08
3.1572e-09	1	4.338e-09
4.50863e-08	-4.338e-09	1
XYZ rotation is: [0.0280681, -0.249524, -0.0141977]
Rotation matrix C2MO (O to C2):
0.968932	0.00726199	-0.247219
-0.0137575	0.999604	-0.0245571
0.246943	0.0271953	0.968648
XYZ rotation is: [0.0280681, -0.249524, -0.0141977]
Rotation matrix R:
0.968932	0.00726199	-0.247219
-0.0137575	0.999604	-0.0245571
0.246943	0.0271953	0.968648
