XYZ rotation is: [8.31423e-09, -2.67622e-08, -5.23274e-09]
Rotation matrix C1MO (O to C1):
1	5.23274e-09	-2.67622e-08
-5.23274e-09	1	-8.31423e-09
2.67622e-08	8.31423e-09	1
XYZ rotation is: [-0.00636819, 0.0479559, 0.0029639]
Rotation matrix C2MO (O to C2):
0.998846	-0.00326911	0.0479175
0.00296049	0.999974	0.0065102
-0.0479376	-0.00636083	0.99883
XYZ rotation is: [-0.0063682, 0.047956, 0.00296391]
Rotation matrix R:
0.998846	-0.00326912	0.0479175
0.0029605	0.999974	0.00651021
-0.0479376	-0.00636083	0.99883
