XYZ rotation is: [1.74612e-08, -2.53334e-08, 4.27956e-09]
Rotation matrix C1MO (O to C1):
1	-4.27956e-09	-2.53334e-08
4.27956e-09	1	-1.74612e-08
2.53334e-08	1.74612e-08	1
XYZ rotation is: [0.133966, -0.365566, 0.00975832]
Rotation matrix C2MO (O to C2):
0.933877	-0.0574153	-0.352955
0.00911336	0.990527	-0.137017
0.357478	0.12474	0.925554
XYZ rotation is: [0.133966, -0.365566, 0.00975832]
Rotation matrix R:
0.933877	-0.0574153	-0.352955
0.00911336	0.990527	-0.137017
0.357478	0.12474	0.925554
