XYZ rotation is: [-5.0886e-09, -2.7766e-08, 5.94099e-09]
Rotation matrix C1MO (O to C1):
1	-5.94099e-09	-2.7766e-08
5.94099e-09	1	5.0886e-09
2.7766e-08	-5.0886e-09	1
XYZ rotation is: [-0.00776006, -0.134821, 0.000851031]
Rotation matrix C2MO (O to C2):
0.990925	0.00019204	-0.134416
0.000843308	0.99997	0.00764559
0.134413	-0.00768956	0.990896
XYZ rotation is: [-0.00776005, -0.134821, 0.000851025]
Rotation matrix R:
0.990925	0.000192045	-0.134416
0.000843302	0.99997	0.00764559
0.134413	-0.00768956	0.990896
