XYZ rotation is: [-3.01615e-08, -1.55033e-08, 2.86322e-09]
Rotation matrix C1MO (O to C1):
1	-2.86322e-09	-1.55033e-08
2.86322e-09	1	3.01615e-08
1.55033e-08	-3.01615e-08	1
XYZ rotation is: [-0.00480324, 0.0555323, 0.000806646]
Rotation matrix C2MO (O to C2):
0.998458	-0.00107323	0.0554993
0.000805402	0.999988	0.00484799
-0.0555038	-0.00479581	0.998447
XYZ rotation is: [-0.00480321, 0.0555324, 0.000806643]
Rotation matrix R:
0.998458	-0.00107323	0.0554993
0.000805399	0.999988	0.00484796
-0.0555038	-0.00479578	0.998447
