XYZ rotation is: [-2.69558e-08, -3.56364e-08, 5.39117e-09]
Rotation matrix C1MO (O to C1):
1	-5.39117e-09	-3.56364e-08
5.39117e-09	1	2.69558e-08
3.56364e-08	-2.69558e-08	1
XYZ rotation is: [0.035337, -0.0710119, -0.0137799]
Rotation matrix C2MO (O to C2):
0.997385	0.0112643	-0.071388
-0.0137447	0.999315	-0.0343493
0.0709522	0.0352406	0.996857
XYZ rotation is: [0.0353371, -0.0710119, -0.0137799]
Rotation matrix R:
0.997385	0.0112644	-0.071388
-0.0137447	0.999315	-0.0343493
0.0709522	0.0352407	0.996857
