XYZ rotation is: [-2.73069e-08, 8.33276e-09, -1.33544e-08]
Rotation matrix C1MO (O to C1):
1	1.33544e-08	8.33276e-09
-1.33544e-08	1	2.73069e-08
-8.33276e-09	-2.73069e-08	1
XYZ rotation is: [-0.0488485, 1.22717, -0.0427147]
Rotation matrix C2MO (O to C2):
0.3366	-0.00328177	0.941642
-0.0143865	0.999859	0.00862728
-0.941538	-0.0164509	0.336506
XYZ rotation is: [-0.0488485, 1.22717, -0.0427146]
Rotation matrix R:
0.3366	-0.00328175	0.941642
-0.0143865	0.999859	0.00862725
-0.941538	-0.0164509	0.336506
