XYZ rotation is: [7.67465e-09, -4.15477e-08, -1.45454e-08]
Rotation matrix C1MO (O to C1):
1	1.45454e-08	-4.15477e-08
-1.45454e-08	1	-7.67465e-09
4.15477e-08	7.67465e-09	1
XYZ rotation is: [-0.0219536, 0.324586, -0.0121546]
Rotation matrix C2MO (O to C2):
0.947713	0.00515113	0.319083
-0.0115197	0.99977	0.0180749
-0.318916	-0.0208056	0.947555
XYZ rotation is: [-0.0219536, 0.324586, -0.0121546]
Rotation matrix R:
0.947713	0.00515112	0.319083
-0.0115197	0.99977	0.0180749
-0.318916	-0.0208056	0.947555
