XYZ rotation is: [-1.09077e-08, 1.10966e-08, -1.08193e-08]
Rotation matrix C1MO (O to C1):
1	1.08193e-08	1.10966e-08
-1.08193e-08	1	1.09077e-08
-1.10966e-08	-1.09077e-08	1
XYZ rotation is: [0.0939815, 0.516392, 0.10312]
Rotation matrix C2MO (O to C2):
0.864987	-0.0563941	0.498616
0.0895146	0.995068	-0.0427443
-0.493746	0.0816066	0.865769
XYZ rotation is: [0.0939815, 0.516392, 0.10312]
Rotation matrix R:
0.864987	-0.0563941	0.498616
0.0895146	0.995068	-0.0427443
-0.493746	0.0816066	0.865769
