XYZ rotation is: [-2.53847e-08, -1.56005e-08, -6.00919e-09]
Rotation matrix C1MO (O to C1):
1	6.00919e-09	-1.56005e-08
-6.00919e-09	1	2.53847e-08
1.56005e-08	-2.53847e-08	1
XYZ rotation is: [0.0288183, 0.198986, 0.0167079]
Rotation matrix C2MO (O to C2):
0.980131	-0.0110051	0.198047
0.0163775	0.99954	-0.0255091
-0.197676	0.0282457	0.97986
XYZ rotation is: [0.0288183, 0.198986, 0.0167079]
Rotation matrix R:
0.980131	-0.0110051	0.198047
0.0163775	0.99954	-0.0255091
-0.197676	0.0282458	0.97986
