XYZ rotation is: [-5.01748e-08, 6.96234e-09, -1.6325e-08]
Rotation matrix C1MO (O to C1):
1	1.6325e-08	6.96234e-09
-1.6325e-08	1	5.01748e-08
-6.96234e-09	-5.01748e-08	1
XYZ rotation is: [0.0235385, 0.280013, 0.0188262]
Rotation matrix C2MO (O to C2):
0.960881	-0.0123164	0.276686
0.0180919	0.999668	-0.018331
-0.276368	0.0226197	0.960786
XYZ rotation is: [0.0235386, 0.280013, 0.0188263]
Rotation matrix R:
0.960881	-0.0123164	0.276686
0.0180919	0.999668	-0.018331
-0.276368	0.0226197	0.960786
