XYZ rotation is: [-1.15723e-07, -2.93829e-07, -6.09111e-08]
Rotation matrix C1MO (O to C1):
1	6.09111e-08	-2.93829e-07
-6.09111e-08	1	1.15723e-07
2.93829e-07	-1.15723e-07	1
XYZ rotation is: [0.130202, 0.671485, 0.0748916]
Rotation matrix C2MO (O to C2):
0.780704	0.00636146	0.624869
0.0585778	0.9948	-0.0833139
-0.622149	0.101647	0.776272
XYZ rotation is: [0.130202, 0.671486, 0.0748918]
Rotation matrix R:
0.780704	0.00636148	0.624869
0.0585778	0.9948	-0.083314
-0.62215	0.101647	0.776272
