XYZ rotation is: [-5.84021e-08, -1.3721e-07, -2.0829e-08]
Rotation matrix C1MO (O to C1):
1	2.0829e-08	-1.3721e-07
-2.0829e-08	1	5.84021e-08
1.3721e-07	-5.84021e-08	1
XYZ rotation is: [-0.0455312, 0.852495, -0.0288025]
Rotation matrix C2MO (O to C2):
0.657834	-0.00548678	0.753143
-0.0189525	0.999536	0.0238359
-0.752925	-0.029954	0.657425
XYZ rotation is: [-0.0455311, 0.852495, -0.0288025]
Rotation matrix R:
0.657834	-0.00548675	0.753143
-0.0189525	0.999536	0.0238358
-0.752925	-0.029954	0.657425
