XYZ rotation is: [8.1593e-09, -1.91334e-08, 1.5701e-09]
Rotation matrix C1MO (O to C1):
1	-1.5701e-09	-1.91334e-08
1.5701e-09	1	-8.1593e-09
1.91334e-08	8.1593e-09	1
XYZ rotation is: [0.0661433, -0.298204, -0.00856484]
Rotation matrix C2MO (O to C2):
0.955831	-0.0108723	-0.293717
-0.00818674	0.997943	-0.0635818
0.293804	0.063178	0.953775
XYZ rotation is: [0.0661433, -0.298204, -0.00856484]
Rotation matrix R:
0.955831	-0.0108723	-0.293717
-0.00818674	0.997943	-0.0635818
0.293804	0.063178	0.953775
