XYZ rotation is: [1.0735e-07, 6.54387e-07, 3.92543e-08]
Rotation matrix C1MO (O to C1):
1	-3.92543e-08	6.54387e-07
3.92543e-08	1	-1.0735e-07
-6.54387e-07	1.0735e-07	1
XYZ rotation is: [0.11517, 1.02882, 0.0879887]
Rotation matrix C2MO (O to C2):
0.513833	0.0107731	0.857823
0.0453285	0.998183	-0.0396875
-0.856692	0.0592766	0.512411
XYZ rotation is: [0.115169, 1.02882, 0.0879884]
Rotation matrix R:
0.513834	0.010773	0.857822
0.0453285	0.998183	-0.0396874
-0.856692	0.0592765	0.512412
