XYZ rotation is: [2.71932e-08, 3.6902e-07, -4.2619e-09]
Rotation matrix C1MO (O to C1):
1	4.26191e-09	3.6902e-07
-4.2619e-09	1	-2.71932e-08
-3.6902e-07	2.71932e-08	1
XYZ rotation is: [-0.00844636, 0.745449, -0.00574069]
Rotation matrix C2MO (O to C2):
0.734771	1.14346e-05	0.678315
-0.00421814	0.999981	0.00455236
-0.678302	-0.00620617	0.734757
XYZ rotation is: [-0.00844638, 0.745448, -0.00574068]
Rotation matrix R:
0.734772	1.1413e-05	0.678314
-0.00421813	0.999981	0.00455239
-0.678301	-0.00620619	0.734758
