XYZ rotation is: [1.16232e-07, 3.75366e-07, 3.06342e-08]
Rotation matrix C1MO (O to C1):
1	-3.06342e-08	3.75366e-07
3.06342e-08	1	-1.16232e-07
-3.75366e-07	1.16232e-07	1
XYZ rotation is: [0.166035, 1.1281, 0.137951]
Rotation matrix C2MO (O to C2):
0.424309	0.0122989	0.905434
0.0589081	0.997415	-0.0411541
-0.903599	0.0707995	0.422487
XYZ rotation is: [0.166035, 1.1281, 0.137951]
Rotation matrix R:
0.424309	0.0122988	0.905434
0.0589081	0.997415	-0.041154
-0.903599	0.0707994	0.422488
