XYZ rotation is: [-5.15943e-08, -4.31011e-08, 5.10469e-09]
Rotation matrix C1MO (O to C1):
1	-5.10469e-09	-4.31011e-08
5.10469e-09	1	5.15943e-08
4.31011e-08	-5.15943e-08	1
XYZ rotation is: [0.0472855, -0.34477, -0.00422365]
Rotation matrix C2MO (O to C2):
0.941145	-0.0117566	-0.337799
-0.00397509	0.998941	-0.0458416
0.33798	0.0444864	0.940101
XYZ rotation is: [0.0472856, -0.34477, -0.00422365]
Rotation matrix R:
0.941145	-0.0117566	-0.337799
-0.00397509	0.998941	-0.0458416
0.33798	0.0444864	0.940101
