XYZ rotation is: [5.27709e-09, -1.46441e-09, -1.07911e-09]
Rotation matrix C1MO (O to C1):
1	1.07911e-09	-1.46441e-09
-1.07911e-09	1	-5.27709e-09
1.46441e-09	5.27709e-09	1
XYZ rotation is: [-0.014527, 0.355793, -0.00121814]
Rotation matrix C2MO (O to C2):
0.93737	-0.00384207	0.348315
-0.00114184	0.9999	0.0141022
-0.348334	-0.0136167	0.937272
XYZ rotation is: [-0.014527, 0.355793, -0.00121814]
Rotation matrix R:
0.93737	-0.00384207	0.348315
-0.00114184	0.9999	0.0141022
-0.348334	-0.0136167	0.937272
