XYZ rotation is: [1.9609e-09, -9.44346e-09, 1.15176e-08]
Rotation matrix C1MO (O to C1):
1	-1.15176e-08	-9.44346e-09
1.15176e-08	1	-1.9609e-09
9.44346e-09	1.9609e-09	1
XYZ rotation is: [0.0118043, 0.166566, 0.000864351]
Rotation matrix C2MO (O to C2):
0.98616	0.00109278	0.165795
0.000852388	0.999932	-0.0116607
-0.165797	0.0116406	0.986091
XYZ rotation is: [0.0118043, 0.166566, 0.000864339]
Rotation matrix R:
0.98616	0.00109279	0.165795
0.000852377	0.999932	-0.0116607
-0.165797	0.0116406	0.986091
