XYZ rotation is: [-2.67567e-07, -9.10414e-07, -9.52064e-10]
Rotation matrix C1MO (O to C1):
1	9.52307e-10	-9.10414e-07
-9.52064e-10	1	2.67567e-07
9.10414e-07	-2.67567e-07	1
XYZ rotation is: [0.0674656, -0.487829, -0.0375692]
Rotation matrix C2MO (O to C2):
0.882729	0.00589942	-0.469845
-0.033179	0.998208	-0.0498021
0.468709	0.0595507	0.881343
XYZ rotation is: [0.0674659, -0.487828, -0.0375691]
Rotation matrix R:
0.88273	0.0058993	-0.469844
-0.033179	0.998208	-0.0498024
0.468708	0.059551	0.881343
