XYZ rotation is: [9.96864e-09, -3.19132e-08, 2.87763e-09]
Rotation matrix C1MO (O to C1):
1	-2.87763e-09	-3.19132e-08
2.87763e-09	1	-9.96864e-09
3.19132e-08	9.96864e-09	1
XYZ rotation is: [0.0153865, -0.481567, -0.00127621]
Rotation matrix C2MO (O to C2):
0.886269	-0.00585022	-0.463133
-0.00113107	0.99989	-0.0147949
0.463169	0.0136361	0.886165
XYZ rotation is: [0.0153865, -0.481567, -0.00127622]
Rotation matrix R:
0.886269	-0.00585021	-0.463133
-0.00113107	0.99989	-0.0147949
0.463169	0.0136361	0.886165
