XYZ rotation is: [1.14696e-07, 6.34128e-08, 3.13398e-09]
Rotation matrix C1MO (O to C1):
1	-3.13397e-09	6.34128e-08
3.13398e-09	1	-1.14696e-07
-6.34128e-08	1.14696e-07	1
XYZ rotation is: [-0.0226856, 0.47119, -0.0106748]
Rotation matrix C2MO (O to C2):
0.890978	0.000375239	0.454047
-0.00951136	0.999796	0.0178379
-0.453947	-0.0202118	0.890799
XYZ rotation is: [-0.0226857, 0.47119, -0.0106748]
Rotation matrix R:
0.890978	0.000375189	0.454047
-0.00951136	0.999796	0.017838
-0.453947	-0.0202119	0.890799
