XYZ rotation is: [-6.01073e-08, 1.18996e-07, 4.78218e-08]
Rotation matrix C1MO (O to C1):
1	-4.78218e-08	1.18996e-07
4.78218e-08	1	6.01073e-08
-1.18996e-07	-6.01073e-08	1
XYZ rotation is: [-0.10251, 0.347439, -0.0498086]
Rotation matrix C2MO (O to C2):
0.939082	0.0147273	0.343379
-0.046813	0.995252	0.0853399
-0.340491	-0.0962157	0.935312
XYZ rotation is: [-0.10251, 0.347439, -0.0498086]
Rotation matrix R:
0.939082	0.0147274	0.343379
-0.0468131	0.995252	0.0853398
-0.340491	-0.0962156	0.935312
