XYZ rotation is: [2.77615e-08, -9.08221e-09, -8.06698e-09]
Rotation matrix C1MO (O to C1):
1	8.06698e-09	-9.08221e-09
-8.06698e-09	1	-2.77615e-08
9.08221e-09	2.77615e-08	1
XYZ rotation is: [0.0014969, 0.138408, 0.00335035]
Rotation matrix C2MO (O to C2):
0.990431	-0.00314382	0.13797
0.00331831	0.999994	-0.00103466
-0.137966	0.00148259	0.990436
XYZ rotation is: [0.00149687, 0.138408, 0.00335036]
Rotation matrix R:
0.990431	-0.00314383	0.13797
0.00331832	0.999994	-0.00103463
-0.137966	0.00148256	0.990436
