XYZ rotation is: [5.25666e-10, -5.43427e-08, 2.32219e-08]
Rotation matrix C1MO (O to C1):
1	-2.32219e-08	-5.43427e-08
2.32219e-08	1	-5.25668e-10
5.43427e-08	5.25666e-10	1
XYZ rotation is: [0.00264761, -0.733696, -0.00326138]
Rotation matrix C2MO (O to C2):
0.742701	0.00148849	-0.669622
-0.00242224	0.999997	-0.000463717
0.669619	0.00196639	0.742702
XYZ rotation is: [0.00264763, -0.733696, -0.00326141]
Rotation matrix R:
0.742701	0.00148851	-0.669622
-0.00242226	0.999997	-0.000463716
0.669619	0.0019664	0.742702
