XYZ rotation is: [-1.27219e-08, -1.68842e-08, -3.39772e-09]
Rotation matrix C1MO (O to C1):
1	3.39772e-09	-1.68842e-08
-3.39772e-09	1	1.27219e-08
1.68842e-08	-1.27219e-08	1
XYZ rotation is: [0.148811, -0.221941, 0.00572051]
Rotation matrix C2MO (O to C2):
0.975456	-0.0382928	-0.216839
0.00558016	0.988745	-0.149505
0.220124	0.144626	0.964691
XYZ rotation is: [0.148811, -0.221941, 0.00572051]
Rotation matrix R:
0.975456	-0.0382928	-0.216839
0.00558017	0.988745	-0.149505
0.220124	0.144626	0.964691
