XYZ rotation is: [-1.516e-08, 5.75222e-09, 6.11625e-10]
Rotation matrix C1MO (O to C1):
1	-6.11625e-10	5.75222e-09
6.11625e-10	1	1.516e-08
-5.75222e-09	-1.516e-08	1
XYZ rotation is: [0.0189968, 0.100606, 0.00549181]
Rotation matrix C2MO (O to C2):
0.994928	-0.00358296	0.100521
0.00546401	0.999815	-0.0184439
-0.100437	0.0188996	0.994764
XYZ rotation is: [0.0189968, 0.100606, 0.00549181]
Rotation matrix R:
0.994928	-0.00358296	0.100521
0.00546401	0.999815	-0.0184439
-0.100437	0.0188996	0.994764
