XYZ rotation is: [5.08869e-08, 1.04276e-08, 2.94108e-09]
Rotation matrix C1MO (O to C1):
1	-2.94108e-09	1.04276e-08
2.94108e-09	1	-5.08869e-08
-1.04276e-08	5.08869e-08	1
XYZ rotation is: [0.061505, 0.073647, 0.00453593]
Rotation matrix C2MO (O to C2):
0.997279	-4.67244e-06	0.0737193
0.00452362	0.998119	-0.0611325
-0.0735804	0.0612996	0.995404
XYZ rotation is: [0.061505, 0.073647, 0.00453593]
Rotation matrix R:
0.997279	-4.67326e-06	0.0737193
0.00452362	0.998119	-0.0611324
-0.0735804	0.0612996	0.995404
