XYZ rotation is: [-7.53349e-08, -1.14519e-07, -1.34918e-08]
Rotation matrix C1MO (O to C1):
1	1.34919e-08	-1.14519e-07
-1.34918e-08	1	7.53349e-08
1.14519e-07	-7.53349e-08	1
XYZ rotation is: [-0.0131639, -0.00587791, -0.0201538]
Rotation matrix C2MO (O to C2):
0.99978	0.0202281	-0.00561089
-0.0201521	0.999709	0.0132793
0.00587787	-0.0131633	0.999896
XYZ rotation is: [-0.0131638, -0.00587779, -0.0201538]
Rotation matrix R:
0.99978	0.0202281	-0.00561078
-0.0201521	0.999709	0.0132792
0.00587776	-0.0131632	0.999896
