XYZ rotation is: [-9.90734e-08, -1.78356e-08, -8.33378e-09]
Rotation matrix C1MO (O to C1):
1	8.33378e-09	-1.78356e-08
-8.33378e-09	1	9.90734e-08
1.78356e-08	-9.90734e-08	1
XYZ rotation is: [0.038066, -0.0461059, 0.00163865]
Rotation matrix C2MO (O to C2):
0.998936	-0.00339149	-0.0459938
0.00163691	0.999271	-0.0381323
0.0460896	0.0380164	0.998214
XYZ rotation is: [0.0380661, -0.0461059, 0.00163866]
Rotation matrix R:
0.998936	-0.0033915	-0.0459938
0.00163692	0.999271	-0.0381324
0.0460896	0.0380165	0.998214
