XYZ rotation is: [-4.84256e-08, -1.58348e-08, -6.14398e-09]
Rotation matrix C1MO (O to C1):
1	6.14398e-09	-1.58348e-08
-6.14398e-09	1	4.84256e-08
1.58348e-08	-4.84256e-08	1
XYZ rotation is: [-0.00153989, 0.0905701, -0.00354029]
Rotation matrix C2MO (O to C2):
0.995895	0.00340101	0.0904511
-0.00352578	0.999993	0.00121968
-0.0904463	-0.00153358	0.9959
XYZ rotation is: [-0.00153985, 0.0905701, -0.00354029]
Rotation matrix R:
0.995895	0.003401	0.0904511
-0.00352577	0.999993	0.00121963
-0.0904464	-0.00153353	0.9959
