XYZ rotation is: [-2.62939e-08, -6.14548e-08, -2.18231e-08]
Rotation matrix C1MO (O to C1):
1	2.18231e-08	-6.14548e-08
-2.18231e-08	1	2.62939e-08
6.14548e-08	-2.62939e-08	1
XYZ rotation is: [0.0110142, 7.56841e-05, -0.00493677]
Rotation matrix C2MO (O to C2):
0.999988	0.00493728	2.13054e-05
-0.00493675	0.999927	-0.0110142
-7.56841e-05	0.011014	0.999939
XYZ rotation is: [0.0110142, 7.57453e-05, -0.00493675]
Rotation matrix R:
0.999988	0.00493726	2.13667e-05
-0.00493673	0.999927	-0.0110142
-7.57453e-05	0.011014	0.999939
