XYZ rotation is: [1.51272e-09, 1.49963e-07, 8.27514e-09]
Rotation matrix C1MO (O to C1):
1	-8.27514e-09	1.49963e-07
8.27514e-09	1	-1.51272e-09
-1.49963e-07	1.51272e-09	1
XYZ rotation is: [-0.0635144, 0.555934, -0.0142383]
Rotation matrix C2MO (O to C2):
0.849322	-0.0192839	0.527523
-0.0120937	0.998359	0.0559666
-0.527737	-0.0539134	0.847695
XYZ rotation is: [-0.0635144, 0.555934, -0.0142383]
Rotation matrix R:
0.849322	-0.0192839	0.527523
-0.0120937	0.998359	0.0559666
-0.527737	-0.0539134	0.847695
