XYZ rotation is: [8.99148e-09, -5.6199e-09, -2.32357e-09]
Rotation matrix C1MO (O to C1):
1	2.32357e-09	-5.6199e-09
-2.32357e-09	1	-8.99148e-09
5.6199e-09	8.99148e-09	1
XYZ rotation is: [0.00478416, 0.00915134, 0.00222481]
Rotation matrix C2MO (O to C2):
0.999956	-0.002181	0.00916173
0.00222471	0.999986	-0.00476377
-0.00915122	0.00478394	0.999947
XYZ rotation is: [0.00478415, 0.00915135, 0.00222481]
Rotation matrix R:
0.999956	-0.002181	0.00916174
0.00222471	0.999986	-0.00476376
-0.00915122	0.00478393	0.999947
