XYZ rotation is: [1.18085e-08, 2.91503e-08, 5.44241e-09]
Rotation matrix C1MO (O to C1):
1	-5.44241e-09	2.91503e-08
5.44241e-09	1	-1.18085e-08
-2.91503e-08	1.18085e-08	1
XYZ rotation is: [0.0197643, 0.278075, 0.0167784]
Rotation matrix C2MO (O to C2):
0.96145	-0.0113501	0.274744
0.0161331	0.999755	-0.0151556
-0.274505	0.0190039	0.961398
XYZ rotation is: [0.0197643, 0.278075, 0.0167784]
Rotation matrix R:
0.96145	-0.01135	0.274744
0.0161331	0.999755	-0.0151556
-0.274505	0.0190038	0.961398
