XYZ rotation is: [9.82415e-12, 3.63113e-09, -1.68298e-09]
Rotation matrix C1MO (O to C1):
1	1.68298e-09	3.63113e-09
-1.68298e-09	1	-9.82415e-12
-3.63113e-09	9.82415e-12	1
XYZ rotation is: [-0.00315488, -0.15283, -0.00172957]
Rotation matrix C2MO (O to C2):
0.988343	0.00220984	-0.152229
-0.00170941	0.999993	0.00341817
0.152235	-0.0031181	0.988339
XYZ rotation is: [-0.00315488, -0.15283, -0.00172956]
Rotation matrix R:
0.988343	0.00220984	-0.152229
-0.0017094	0.999993	0.00341817
0.152235	-0.0031181	0.988339
