XYZ rotation is: [-3.1752e-08, -1.52572e-07, -2.19351e-08]
Rotation matrix C1MO (O to C1):
1	2.19351e-08	-1.52572e-07
-2.19351e-08	1	3.1752e-08
1.52572e-07	-3.1752e-08	1
XYZ rotation is: [0.111497, 0.141084, 0.0462531]
Rotation matrix C2MO (O to C2):
0.989005	-0.0303204	0.144739
0.0457772	0.993451	-0.104686
-0.140617	0.110161	0.983916
XYZ rotation is: [0.111497, 0.141084, 0.0462532]
Rotation matrix R:
0.989005	-0.0303204	0.144739
0.0457773	0.993451	-0.104686
-0.140617	0.110161	0.983916
