XYZ rotation is: [-1.88201e-08, -3.75996e-08, -3.9326e-09]
Rotation matrix C1MO (O to C1):
1	3.9326e-09	-3.75996e-08
-3.9326e-09	1	1.88201e-08
3.75996e-08	-1.88201e-08	1
XYZ rotation is: [-0.0473149, -0.399126, -0.024551]
Rotation matrix C2MO (O to C2):
0.921123	0.0428958	-0.386901
-0.022619	0.998129	0.0568122
0.388614	-0.0435797	0.92037
XYZ rotation is: [-0.0473148, -0.399126, -0.024551]
Rotation matrix R:
0.921123	0.0428958	-0.386901
-0.022619	0.998129	0.0568121
0.388613	-0.0435797	0.92037
