XYZ rotation is: [1.985e-08, -7.22584e-08, 2.19538e-08]
Rotation matrix C1MO (O to C1):
1	-2.19538e-08	-7.22584e-08
2.19538e-08	1	-1.985e-08
7.22584e-08	1.985e-08	1
XYZ rotation is: [-0.00178129, 0.17856, -0.0101328]
Rotation matrix C2MO (O to C2):
0.98405	0.00981623	0.177622
-0.0099715	0.99995	-1.84816e-05
-0.177613	-0.00175297	0.984099
XYZ rotation is: [-0.00178131, 0.17856, -0.0101328]
Rotation matrix R:
0.98405	0.00981624	0.177622
-0.00997152	0.99995	-1.84625e-05
-0.177613	-0.00175299	0.984099
