XYZ rotation is: [2.31783e-08, 6.68145e-09, -7.83743e-09]
Rotation matrix C1MO (O to C1):
1	7.83743e-09	6.68145e-09
-7.83743e-09	1	-2.31783e-08
-6.68145e-09	2.31783e-08	1
XYZ rotation is: [0.115852, 0.491261, 0.0382961]
Rotation matrix C2MO (O to C2):
0.881092	0.0164593	0.472658
0.0337589	0.994656	-0.0975675
-0.471738	0.101922	0.875828
XYZ rotation is: [0.115851, 0.491261, 0.0382961]
Rotation matrix R:
0.881092	0.0164593	0.472658
0.0337589	0.994656	-0.0975675
-0.471738	0.101922	0.875828
