XYZ rotation is: [1.63872e-07, 8.42698e-08, 2.94346e-08]
Rotation matrix C1MO (O to C1):
1	-2.94345e-08	8.42698e-08
2.94346e-08	1	-1.63872e-07
-8.42698e-08	1.63872e-07	1
XYZ rotation is: [0.00868484, -0.0441308, -0.000582416]
Rotation matrix C2MO (O to C2):
0.999026	0.000199255	-0.0441198
-0.000581849	0.999962	-0.00865904
0.0441164	0.00867627	0.998989
XYZ rotation is: [0.00868468, -0.0441308, -0.000582447]
Rotation matrix R:
0.999026	0.000199292	-0.0441199
-0.00058188	0.999962	-0.00865887
0.0441165	0.00867611	0.998989
