XYZ rotation is: [-3.81949e-08, -4.92708e-09, -1.60821e-08]
Rotation matrix C1MO (O to C1):
1	1.60821e-08	-4.92708e-09
-1.60821e-08	1	3.81949e-08
4.92708e-09	-3.81949e-08	1
XYZ rotation is: [2.94693, 0.968782, 2.92956]
Rotation matrix C2MO (O to C2):
-0.553621	0.0506151	0.831229
0.119176	0.992693	0.0189279
-0.824197	0.109542	-0.555608
XYZ rotation is: [2.94693, 0.968782, 2.92956]
Rotation matrix R:
-0.553621	0.0506152	0.831229
0.119176	0.992693	0.0189278
-0.824197	0.109542	-0.555608
