XYZ rotation is: [-7.0594e-09, -9.82465e-09, 2.78646e-09]
Rotation matrix C1MO (O to C1):
1	-2.78646e-09	-9.82465e-09
2.78646e-09	1	7.0594e-09
9.82465e-09	-7.0594e-09	1
XYZ rotation is: [-0.000195581, 0.485574, 0.054253]
Rotation matrix C2MO (O to C2):
0.883106	-0.0543175	0.466019
0.0479582	0.998524	0.0255036
-0.466716	-0.000172973	0.884407
XYZ rotation is: [-0.000195575, 0.485574, 0.054253]
Rotation matrix R:
0.883106	-0.0543175	0.466019
0.0479582	0.998524	0.0255036
-0.466716	-0.000172968	0.884407
