XYZ rotation is: [-9.39369e-09, -3.65788e-08, -4.37512e-09]
Rotation matrix C1MO (O to C1):
1	4.37512e-09	-3.65788e-08
-4.37512e-09	1	9.39369e-09
3.65788e-08	-9.39369e-09	1
XYZ rotation is: [-0.00461392, -0.209437, -0.000448555]
Rotation matrix C2MO (O to C2):
0.978148	0.00140782	-0.207905
-0.000438753	0.999989	0.00470716
0.207909	-0.00451308	0.978138
XYZ rotation is: [-0.00461391, -0.209437, -0.000448551]
Rotation matrix R:
0.978148	0.00140782	-0.207905
-0.000438749	0.999989	0.00470715
0.207909	-0.00451307	0.978138
