XYZ rotation is: [-5.32011e-09, 1.67611e-08, 6.86053e-10]
Rotation matrix C1MO (O to C1):
1	-6.86053e-10	1.67611e-08
6.86053e-10	1	5.32011e-09
-1.67611e-08	-5.32011e-09	1
XYZ rotation is: [0.00312692, -0.149317, 0.00100744]
Rotation matrix C2MO (O to C2):
0.988872	-0.0014726	-0.148758
0.000996228	0.999994	-0.00327678
0.148762	0.00309212	0.988868
XYZ rotation is: [0.00312692, -0.149317, 0.00100744]
Rotation matrix R:
0.988872	-0.0014726	-0.148758
0.000996228	0.999994	-0.00327679
0.148762	0.00309213	0.988868
