XYZ rotation is: [-6.6814e-09, 2.4482e-08, 1.63259e-08]
Rotation matrix C1MO (O to C1):
1	-1.63259e-08	2.4482e-08
1.63259e-08	1	6.6814e-09
-2.4482e-08	-6.6814e-09	1
XYZ rotation is: [0.185534, 0.000188949, 0.0540111]
Rotation matrix C2MO (O to C2):
0.998542	-0.0530235	0.0101441
0.0539848	0.981407	-0.184192
-0.000188949	0.184471	0.982838
XYZ rotation is: [0.185534, 0.000188928, 0.0540111]
Rotation matrix R:
0.998542	-0.0530235	0.0101441
0.0539848	0.981407	-0.184192
-0.000188928	0.184471	0.982838
