XYZ rotation is: [-1.87782e-09, -3.48254e-08, -5.42006e-09]
Rotation matrix C1MO (O to C1):
1	5.42006e-09	-3.48254e-08
-5.42006e-09	1	1.87782e-09
3.48254e-08	-1.87782e-09	1
XYZ rotation is: [0.00483085, -0.370261, 0.0121127]
Rotation matrix C2MO (O to C2):
0.932165	-0.0138602	-0.361769
0.0112916	0.999894	-0.0092134
0.361859	0.00450346	0.932222
XYZ rotation is: [0.00483085, -0.370261, 0.0121127]
Rotation matrix R:
0.932165	-0.0138602	-0.361769
0.0112916	0.999894	-0.0092134
0.361859	0.00450346	0.932222
