XYZ rotation is: [2.20451e-09, 3.18277e-09, 7.03566e-10]
Rotation matrix C1MO (O to C1):
1	-7.03566e-10	3.18277e-09
7.03566e-10	1	-2.20451e-09
-3.18277e-09	2.20451e-09	1
XYZ rotation is: [2.74273, -0.0157509, -0.00697922]
Rotation matrix C2MO (O to C2):
0.999852	-0.0125481	0.0118031
-0.0069783	-0.92144	-0.388459
0.0157503	0.388319	-0.92139
XYZ rotation is: [2.74273, -0.0157509, -0.00697922]
Rotation matrix R:
0.999852	-0.0125481	0.0118031
-0.0069783	-0.92144	-0.388459
0.0157503	0.388319	-0.92139
