image: map/280.000000/merged_map.png
resolution: 0.050000
origin: [-19.350000, -16.475000, 0.000000]
negate: 0
occupied_thresh: 0.65
free_thresh: 0.196

