XYZ rotation is: [-1.30461e-09, -1.44136e-08, 5.62447e-09]
Rotation matrix C1MO (O to C1):
1	-5.62447e-09	-1.44136e-08
5.62447e-09	1	1.30461e-09
1.44136e-08	-1.30461e-09	1
XYZ rotation is: [-0.00475756, -0.0891388, 0.00773537]
Rotation matrix C2MO (O to C2):
0.996	-0.0073117	-0.089054
0.00770458	0.999962	0.00406881
0.0890208	-0.00473866	0.996018
XYZ rotation is: [-0.00475756, -0.0891388, 0.00773536]
Rotation matrix R:
0.996	-0.00731169	-0.089054
0.00770458	0.999962	0.00406881
0.0890208	-0.00473866	0.996018
