XYZ rotation is: [1.27315e-09, -1.00421e-08, -6.77987e-10]
Rotation matrix C1MO (O to C1):
1	6.77987e-10	-1.00421e-08
-6.77987e-10	1	-1.27315e-09
1.00421e-08	1.27315e-09	1
XYZ rotation is: [0.00024321, -0.0483771, -0.000104406]
Rotation matrix C2MO (O to C2):
0.99883	9.26449e-05	-0.0483583
-0.000104284	1	-0.000238161
0.0483582	0.000242925	0.99883
XYZ rotation is: [0.000243209, -0.0483771, -0.000104405]
Rotation matrix R:
0.99883	9.26443e-05	-0.0483583
-0.000104283	1	-0.00023816
0.0483582	0.000242924	0.99883
