XYZ rotation is: [4.76064e-10, -9.20697e-10, -2.79152e-09]
Rotation matrix C1MO (O to C1):
1	2.79152e-09	-9.20697e-10
-2.79152e-09	1	-4.76064e-10
9.20697e-10	4.76064e-10	1
XYZ rotation is: [0.00484834, -0.150414, -0.000164229]
Rotation matrix C2MO (O to C2):
0.988709	-0.000562283	-0.149847
-0.000162374	0.999988	-0.00482371
0.149848	0.00479358	0.988697
XYZ rotation is: [0.00484834, -0.150414, -0.000164226]
Rotation matrix R:
0.988709	-0.000562286	-0.149847
-0.000162372	0.999988	-0.00482371
0.149848	0.00479358	0.988697
