XYZ rotation is: [7.5851e-09, -1.38504e-08, -1.99917e-08]
Rotation matrix C1MO (O to C1):
1	1.99917e-08	-1.38504e-08
-1.99917e-08	1	-7.5851e-09
1.38504e-08	7.5851e-09	1
XYZ rotation is: [-0.207472, 0.186454, -0.0795628]
Rotation matrix C2MO (O to C2):
0.979559	0.0397102	0.197198
-0.0781014	0.978494	0.190918
-0.185376	-0.202417	0.961594
XYZ rotation is: [-0.207472, 0.186454, -0.0795628]
Rotation matrix R:
0.979559	0.0397102	0.197198
-0.0781014	0.978494	0.190918
-0.185376	-0.202417	0.961594
