XYZ rotation is: [8.8052e-09, -4.50333e-08, -7.78355e-09]
Rotation matrix C1MO (O to C1):
1	7.78355e-09	-4.50333e-08
-7.78355e-09	1	-8.8052e-09
4.50333e-08	8.8052e-09	1
XYZ rotation is: [0.00246933, -0.00992203, -0.00876583]
Rotation matrix C2MO (O to C2):
0.999912	0.0087412	-0.0099431
-0.00876529	0.999959	-0.00238227
0.00992187	0.00246921	0.999948
XYZ rotation is: [0.00246933, -0.00992199, -0.00876583]
Rotation matrix R:
0.999912	0.00874119	-0.00994306
-0.00876528	0.999959	-0.00238226
0.00992182	0.0024692	0.999948
