XYZ rotation is: [-5.41276e-09, -6.88198e-08, 9.40853e-09]
Rotation matrix C1MO (O to C1):
1	-9.40853e-09	-6.88198e-08
9.40853e-09	1	5.41276e-09
6.88198e-08	-5.41276e-09	1
XYZ rotation is: [0.0143861, 0.0988939, 0.00259072]
Rotation matrix C2MO (O to C2):
0.995111	-0.00117012	0.0987595
0.00257806	0.999897	-0.0141298
-0.0987328	0.0143153	0.995011
XYZ rotation is: [0.0143861, 0.098894, 0.00259071]
Rotation matrix R:
0.995111	-0.00117011	0.0987596
0.00257805	0.999897	-0.0141298
-0.0987329	0.0143153	0.995011
