XYZ rotation is: [4.69032e-09, -4.83708e-09, -9.51895e-10]
Rotation matrix C1MO (O to C1):
1	9.51895e-10	-4.83708e-09
-9.51895e-10	1	-4.69032e-09
4.83708e-09	4.69032e-09	1
XYZ rotation is: [-0.00252326, 0.00454647, -0.000331874]
Rotation matrix C2MO (O to C2):
0.99999	0.000320401	0.00454728
-0.00033187	0.999997	0.00252174
-0.00454646	-0.00252323	0.999986
XYZ rotation is: [-0.00252326, 0.00454648, -0.000331873]
Rotation matrix R:
0.99999	0.0003204	0.00454729
-0.000331869	0.999997	0.00252175
-0.00454646	-0.00252323	0.999986
