XYZ rotation is: [4.58456e-08, 4.64211e-10, 2.21361e-09]
Rotation matrix C1MO (O to C1):
1	-2.21361e-09	4.64211e-10
2.21361e-09	1	-4.58456e-08
-4.64211e-10	4.58456e-08	1
XYZ rotation is: [0.0236118, -0.105881, 0.00770139]
Rotation matrix C2MO (O to C2):
0.99437	-0.0101942	-0.105469
0.00765818	0.999672	-0.0244226
0.105683	0.0234774	0.994123
XYZ rotation is: [0.0236118, -0.105881, 0.00770139]
Rotation matrix R:
0.99437	-0.0101942	-0.105469
0.00765818	0.999672	-0.0244225
0.105683	0.0234773	0.994123
