XYZ rotation is: [-1.95759e-09, 6.33631e-10, -4.75035e-10]
Rotation matrix C1MO (O to C1):
1	4.75035e-10	6.33631e-10
-4.75035e-10	1	1.95759e-09
-6.33631e-10	-1.95759e-09	1
XYZ rotation is: [-0.00095893, -0.104661, -0.00108918]
Rotation matrix C2MO (O to C2):
0.994527	0.00118936	-0.104469
-0.00108322	0.999999	0.00107272
0.10447	-0.000953683	0.994528
XYZ rotation is: [-0.000958928, -0.104661, -0.00108918]
Rotation matrix R:
0.994527	0.00118936	-0.104469
-0.00108322	0.999999	0.00107272
0.10447	-0.000953681	0.994528
