XYZ rotation is: [7.43061e-09, -8.4708e-09, 8.59912e-10]
Rotation matrix C1MO (O to C1):
1	-8.59912e-10	-8.4708e-09
8.59912e-10	1	-7.43061e-09
8.4708e-09	7.43061e-09	1
XYZ rotation is: [0.0179969, -0.0278636, 0.00114103]
Rotation matrix C2MO (O to C2):
0.999611	-0.00164221	-0.0278349
0.00114059	0.999837	-0.0180277
0.02786	0.0179889	0.99945
XYZ rotation is: [0.0179969, -0.0278636, 0.00114103]
Rotation matrix R:
0.999611	-0.00164221	-0.0278349
0.00114059	0.999837	-0.0180277
0.02786	0.0179889	0.99945
