XYZ rotation is: [-5.15153e-09, -3.79145e-09, -1.22768e-09]
Rotation matrix C1MO (O to C1):
1	1.22768e-09	-3.79145e-09
-1.22768e-09	1	5.15153e-09
3.79145e-09	-5.15153e-09	1
XYZ rotation is: [0.00989512, -0.00966366, 0.000489269]
Rotation matrix C2MO (O to C2):
0.999953	-0.000584865	-0.00965819
0.000489246	0.999951	-0.00989968
0.00966351	0.00989449	0.999904
XYZ rotation is: [0.00989512, -0.00966366, 0.000489271]
Rotation matrix R:
0.999953	-0.000584867	-0.00965819
0.000489248	0.999951	-0.00989969
0.00966351	0.0098945	0.999904
