XYZ rotation is: [-2.51668e-08, 2.03034e-09, -1.18004e-08]
Rotation matrix C1MO (O to C1):
1	1.18004e-08	2.03034e-09
-1.18004e-08	1	2.51668e-08
-2.03034e-09	-2.51668e-08	1
XYZ rotation is: [0.0393831, 0.353065, 0.00487839]
Rotation matrix C2MO (O to C2):
0.938306	0.00873943	0.345696
0.00457746	0.999279	-0.0376869
-0.345776	0.0369442	0.93759
XYZ rotation is: [0.0393831, 0.353065, 0.0048784]
Rotation matrix R:
0.938306	0.00873943	0.345696
0.00457747	0.999279	-0.0376869
-0.345776	0.0369443	0.93759
