XYZ rotation is: [-1.88959e-09, -4.13029e-09, 2.77136e-11]
Rotation matrix C1MO (O to C1):
1	-2.77136e-11	-4.13029e-09
2.77136e-11	1	1.88959e-09
4.13029e-09	-1.88959e-09	1
XYZ rotation is: [-0.00122702, -0.00145233, 0.000159214]
Rotation matrix C2MO (O to C2):
0.999999	-0.000157432	-0.00145252
0.000159214	0.999999	0.00122679
0.00145233	-0.00122702	0.999998
XYZ rotation is: [-0.00122702, -0.00145232, 0.000159214]
Rotation matrix R:
0.999999	-0.000157432	-0.00145252
0.000159214	0.999999	0.00122679
0.00145232	-0.00122702	0.999998
