XYZ rotation is: [-8.26199e-08, -4.58779e-08, -4.08173e-09]
Rotation matrix C1MO (O to C1):
1	4.08173e-09	-4.58779e-08
-4.08173e-09	1	8.26199e-08
4.58779e-08	-8.26199e-08	1
XYZ rotation is: [-0.00123803, -0.404811, 0.00486854]
Rotation matrix C2MO (O to C2):
0.919166	-0.00438093	-0.393846
0.00447503	0.99999	-0.000679429
0.393845	-0.00113797	0.919176
XYZ rotation is: [-0.00123795, -0.404811, 0.00486855]
Rotation matrix R:
0.919166	-0.00438097	-0.393846
0.00447504	0.99999	-0.000679511
0.393845	-0.00113789	0.919176
