XYZ rotation is: [3.97578e-08, 1.23407e-07, -8.05069e-09]
Rotation matrix C1MO (O to C1):
1	8.05069e-09	1.23407e-07
-8.05069e-09	1	-3.97578e-08
-1.23407e-07	3.97578e-08	1
XYZ rotation is: [0.0203864, 0.266268, -0.00722737]
Rotation matrix C2MO (O to C2):
0.964734	0.0125896	0.262924
-0.00697261	0.999727	-0.0222858
-0.263133	0.0196666	0.964559
XYZ rotation is: [0.0203864, 0.266268, -0.00722736]
Rotation matrix R:
0.964734	0.0125896	0.262924
-0.00697261	0.999727	-0.0222858
-0.263133	0.0196666	0.964559
