XYZ rotation is: [4.6309e-10, -4.5162e-09, -1.96002e-09]
Rotation matrix C1MO (O to C1):
1	1.96002e-09	-4.5162e-09
-1.96002e-09	1	-4.6309e-10
4.5162e-09	4.6309e-10	1
XYZ rotation is: [0.00432455, -0.12768, -0.00572359]
Rotation matrix C2MO (O to C2):
0.991844	0.00517285	-0.127355
-0.00567697	0.999977	-0.00359567
0.127334	0.00428934	0.991851
XYZ rotation is: [0.00432455, -0.12768, -0.00572359]
Rotation matrix R:
0.991844	0.00517285	-0.127355
-0.00567697	0.999977	-0.00359567
0.127334	0.00428934	0.991851
