XYZ rotation is: [6.66973e-10, -1.21129e-08, -5.90443e-09]
Rotation matrix C1MO (O to C1):
1	5.90443e-09	-1.21129e-08
-5.90443e-09	1	-6.66973e-10
1.21129e-08	6.66973e-10	1
XYZ rotation is: [0.00840419, -0.340614, -0.0104821]
Rotation matrix C2MO (O to C2):
0.942498	0.00767418	-0.334123
-0.00987973	0.999939	-0.00490211
0.334066	0.00792127	0.942517
XYZ rotation is: [0.00840419, -0.340614, -0.0104821]
Rotation matrix R:
0.942498	0.00767418	-0.334123
-0.00987972	0.999939	-0.00490211
0.334066	0.00792127	0.942517
