XYZ rotation is: [6.12823e-08, -5.04667e-08, 3.86264e-08]
Rotation matrix C1MO (O to C1):
1	-3.86264e-08	-5.04667e-08
3.86264e-08	1	-6.12823e-08
5.04667e-08	6.12823e-08	1
XYZ rotation is: [-0.00437783, 0.272024, -0.00719934]
Rotation matrix C2MO (O to C2):
0.963204	0.006023	0.268703
-0.00693455	0.999973	0.00244341
-0.268681	-0.00421684	0.96322
XYZ rotation is: [-0.00437791, 0.272024, -0.00719938]
Rotation matrix R:
0.963204	0.00602302	0.268703
-0.00693459	0.999973	0.00244347
-0.268681	-0.00421691	0.96322
