XYZ rotation is: [5.47953e-09, 7.54891e-09, 3.37264e-09]
Rotation matrix C1MO (O to C1):
1	-3.37264e-09	7.54891e-09
3.37264e-09	1	-5.47953e-09
-7.54891e-09	5.47953e-09	1
XYZ rotation is: [0.00214405, 0.0686583, 0.00037586]
Rotation matrix C2MO (O to C2):
0.997644	-0.000228768	0.068605
0.000374975	0.999998	-0.00211826
-0.0686044	0.00213899	0.997642
XYZ rotation is: [0.00214404, 0.0686583, 0.000375857]
Rotation matrix R:
0.997644	-0.000228765	0.068605
0.000374971	0.999998	-0.00211825
-0.0686044	0.00213899	0.997642
