XYZ rotation is: [-6.01068e-08, -2.58222e-08, -1.60197e-08]
Rotation matrix C1MO (O to C1):
1	1.60197e-08	-2.58222e-08
-1.60197e-08	1	6.01068e-08
2.58222e-08	-6.01068e-08	1
XYZ rotation is: [0.213001, 0.736838, 0.13818]
Rotation matrix C2MO (O to C2):
0.733538	0.00606398	0.679622
0.10201	0.98765	-0.118915
-0.67195	0.156557	0.72386
XYZ rotation is: [0.213001, 0.736838, 0.13818]
Rotation matrix R:
0.733538	0.00606401	0.679622
0.10201	0.98765	-0.118916
-0.67195	0.156558	0.72386
