XYZ rotation is: [-3.93338e-08, -2.25124e-08, -2.72729e-08]
Rotation matrix C1MO (O to C1):
1	2.72729e-08	-2.25124e-08
-2.72729e-08	1	3.93338e-08
2.25124e-08	-3.93338e-08	1
XYZ rotation is: [0.0208358, 0.585039, 0.00801156]
Rotation matrix C2MO (O to C2):
0.833664	0.00349529	0.552262
0.00667909	0.999843	-0.0164104
-0.552232	0.0173694	0.833509
XYZ rotation is: [0.0208359, 0.585039, 0.00801159]
Rotation matrix R:
0.833664	0.00349529	0.552262
0.00667911	0.999843	-0.0164105
-0.552232	0.0173694	0.833509
