XYZ rotation is: [-2.68396e-09, 1.79731e-09, 2.39839e-09]
Rotation matrix C1MO (O to C1):
1	-2.39839e-09	1.79731e-09
2.39839e-09	1	2.68396e-09
-1.79731e-09	-2.68396e-09	1
XYZ rotation is: [-0.00169473, -0.0571663, 0.00115332]
Rotation matrix C2MO (O to C2):
0.998366	-0.00105649	-0.057137
0.00115143	0.999998	0.00162883
0.0571352	-0.00169196	0.998365
XYZ rotation is: [-0.00169473, -0.0571663, 0.00115331]
Rotation matrix R:
0.998366	-0.00105648	-0.057137
0.00115143	0.999998	0.00162883
0.0571352	-0.00169196	0.998365
