XYZ rotation is: [9.60496e-09, 8.97817e-10, -4.47979e-09]
Rotation matrix C1MO (O to C1):
1	4.47979e-09	8.97817e-10
-4.47979e-09	1	-9.60496e-09
-8.97817e-10	9.60496e-09	1
XYZ rotation is: [0.00590967, -0.0662415, 0.000158361]
Rotation matrix C2MO (O to C2):
0.997807	-0.000549535	-0.066191
0.000158014	0.999982	-0.00592012
0.066193	0.00589667	0.997789
XYZ rotation is: [0.00590966, -0.0662415, 0.000158366]
Rotation matrix R:
0.997807	-0.000549539	-0.066191
0.000158019	0.999982	-0.00592011
0.066193	0.00589666	0.997789
