XYZ rotation is: [9.83987e-09, 9.46836e-09, 1.36936e-09]
Rotation matrix C1MO (O to C1):
1	-1.36936e-09	9.46836e-09
1.36936e-09	1	-9.83987e-09
-9.46836e-09	9.83987e-09	1
XYZ rotation is: [-0.0216244, -0.116635, 0.00435293]
Rotation matrix C2MO (O to C2):
0.993196	-0.00183566	-0.116437
0.00432334	0.999768	0.0211161
0.116371	-0.0214758	0.992974
XYZ rotation is: [-0.0216244, -0.116635, 0.00435293]
Rotation matrix R:
0.993196	-0.00183566	-0.116437
0.00432334	0.999768	0.0211161
0.116371	-0.0214758	0.992974
