XYZ rotation is: [1.13761e-08, -2.62928e-08, 1.65944e-09]
Rotation matrix C1MO (O to C1):
1	-1.65944e-09	-2.62928e-08
1.65944e-09	1	-1.13761e-08
2.62928e-08	1.13761e-08	1
XYZ rotation is: [0.00737143, -0.372181, -0.00632032]
Rotation matrix C2MO (O to C2):
0.931518	0.00363958	-0.363677
-0.00588757	0.99997	-0.00507292
0.363648	0.00686669	0.931511
XYZ rotation is: [0.00737142, -0.372181, -0.00632032]
Rotation matrix R:
0.931518	0.00363959	-0.363677
-0.00588757	0.99997	-0.00507291
0.363648	0.00686668	0.931511
