XYZ rotation is: [-6.39995e-09, 2.76309e-08, 5.77108e-09]
Rotation matrix C1MO (O to C1):
1	-5.77108e-09	2.76309e-08
5.77108e-09	1	6.39995e-09
-2.76309e-08	-6.39995e-09	1
XYZ rotation is: [0.10334, -0.521355, -0.0930102]
Rotation matrix C2MO (O to C2):
0.863397	0.041225	-0.502838
-0.0805371	0.995138	-0.0567
0.498056	0.0894517	0.862519
XYZ rotation is: [0.10334, -0.521355, -0.0930102]
Rotation matrix R:
0.863397	0.041225	-0.502838
-0.0805371	0.995138	-0.0567
0.498056	0.0894517	0.862519
