XYZ rotation is: [-1.36351e-08, -1.56896e-08, 9.03323e-09]
Rotation matrix C1MO (O to C1):
1	-9.03323e-09	-1.56896e-08
9.03323e-09	1	1.36351e-08
1.56896e-08	-1.36351e-08	1
XYZ rotation is: [0.0810139, 0.235841, -0.036002]
Rotation matrix C2MO (O to C2):
0.971688	0.0547731	0.229831
-0.0349979	0.995394	-0.0892558
-0.233661	0.0786851	0.969129
XYZ rotation is: [0.0810139, 0.235841, -0.0360021]
Rotation matrix R:
0.971688	0.0547731	0.229831
-0.0349979	0.995394	-0.0892558
-0.233661	0.0786852	0.969129
