XYZ rotation is: [-6.44062e-08, -1.52224e-07, -5.37237e-08]
Rotation matrix C1MO (O to C1):
1	5.37237e-08	-1.52224e-07
-5.37237e-08	1	6.44062e-08
1.52224e-07	-6.44062e-08	1
XYZ rotation is: [-0.028989, 0.287974, -0.0014742]
Rotation matrix C2MO (O to C2):
0.95882	-0.00675842	0.283933
-0.00141349	0.999591	0.0285664
-0.28401	-0.0277914	0.958418
XYZ rotation is: [-0.0289889, 0.287974, -0.00147415]
Rotation matrix R:
0.95882	-0.00675846	0.283933
-0.00141344	0.999591	0.0285663
-0.28401	-0.0277913	0.958418
