XYZ rotation is: [-4.93362e-08, 1.10162e-07, 1.3522e-08]
Rotation matrix C1MO (O to C1):
1	-1.3522e-08	1.10162e-07
1.3522e-08	1	4.93362e-08
-1.10162e-07	-4.93362e-08	1
XYZ rotation is: [-0.0343148, -0.12272, -0.0156962]
Rotation matrix C2MO (O to C2):
0.992357	0.0198856	-0.121787
-0.0155776	0.999222	0.0362241
0.122413	-0.0340501	0.991895
XYZ rotation is: [-0.0343148, -0.12272, -0.0156963]
Rotation matrix R:
0.992357	0.0198856	-0.121787
-0.0155776	0.999222	0.036224
0.122413	-0.03405	0.991895
