XYZ rotation is: [-1.41145e-08, 6.47945e-08, 5.29265e-09]
Rotation matrix C1MO (O to C1):
1	-5.29265e-09	6.47945e-08
5.29265e-09	1	1.41145e-08
-6.47945e-08	-1.41145e-08	1
XYZ rotation is: [-0.0552692, -0.406898, 0.00621483]
Rotation matrix C2MO (O to C2):
0.918335	0.0156566	-0.395494
0.00570737	0.99859	0.0527842
0.395763	-0.0507308	0.916951
XYZ rotation is: [-0.0552692, -0.406898, 0.00621482]
Rotation matrix R:
0.918335	0.0156566	-0.395494
0.00570736	0.99859	0.0527842
0.395763	-0.0507308	0.91695
