XYZ rotation is: [3.52584e-09, -7.81517e-09, -1.00132e-09]
Rotation matrix C1MO (O to C1):
1	1.00132e-09	-7.81517e-09
-1.00132e-09	1	-3.52584e-09
7.81517e-09	3.52584e-09	1
XYZ rotation is: [-0.0410985, -0.882965, 0.0283538]
Rotation matrix C2MO (O to C2):
0.634608	0.00340592	-0.772827
0.0179984	0.999654	0.019185
0.772625	-0.0260846	0.634327
XYZ rotation is: [-0.0410985, -0.882965, 0.0283538]
Rotation matrix R:
0.634608	0.00340593	-0.772827
0.0179984	0.999654	0.019185
0.772625	-0.0260846	0.634327
