XYZ rotation is: [3.00418e-08, 1.13543e-07, 1.84422e-08]
Rotation matrix C1MO (O to C1):
1	-1.84422e-08	1.13543e-07
1.84422e-08	1	-3.00418e-08
-1.13543e-07	3.00418e-08	1
XYZ rotation is: [0.0244592, -0.0458564, 0.000618079]
Rotation matrix C2MO (O to C2):
0.998949	-0.001739	-0.0458115
0.000617429	0.9997	-0.0244851
0.0458403	0.0244311	0.99865
XYZ rotation is: [0.0244592, -0.0458565, 0.000618057]
Rotation matrix R:
0.998949	-0.00173898	-0.0458116
0.000617408	0.9997	-0.0244851
0.0458404	0.0244311	0.99865
