XYZ rotation is: [2.17498e-09, 3.20581e-08, 1.87462e-09]
Rotation matrix C1MO (O to C1):
1	-1.87462e-09	3.20581e-08
1.87462e-09	1	-2.17498e-09
-3.20581e-08	2.17498e-09	1
XYZ rotation is: [0.00273076, 0.0389399, -0.0138105]
Rotation matrix C2MO (O to C2):
0.999147	0.0139163	0.0388885
-0.0137996	0.999899	-0.00326813
-0.0389301	0.00272869	0.999238
XYZ rotation is: [0.00273076, 0.0389399, -0.0138105]
Rotation matrix R:
0.999147	0.0139163	0.0388885
-0.0137996	0.999899	-0.00326812
-0.03893	0.00272869	0.999238
