XYZ rotation is: [-1.14283e-08, 3.53481e-07, 3.21186e-09]
Rotation matrix C1MO (O to C1):
1	-3.21186e-09	3.53481e-07
3.21186e-09	1	1.14283e-08
-3.53481e-07	-1.14283e-08	1
XYZ rotation is: [-0.0328254, -0.00874422, 0.00334288]
Rotation matrix C2MO (O to C2):
0.999956	-0.0030541	-0.00884906
0.00334275	0.999457	0.0327901
0.00874411	-0.0328183	0.999423
XYZ rotation is: [-0.0328254, -0.00874457, 0.00334289]
Rotation matrix R:
0.999956	-0.0030541	-0.00884941
0.00334276	0.999457	0.0327901
0.00874446	-0.0328183	0.999423
