XYZ rotation is: [-5.20848e-08, 4.4062e-07, -1.87843e-08]
Rotation matrix C1MO (O to C1):
1	1.87843e-08	4.4062e-07
-1.87843e-08	1	5.20848e-08
-4.4062e-07	-5.20848e-08	1
XYZ rotation is: [-2.1693, 1.39607, -1.98051]
Rotation matrix C2MO (O to C2):
-0.0692488	-0.192678	0.978816
-0.159451	0.970695	0.179798
-0.984774	-0.143622	-0.0979421
XYZ rotation is: [-2.1693, 1.39607, -1.98051]
Rotation matrix R:
-0.0692484	-0.192678	0.978816
-0.159451	0.970695	0.179798
-0.984774	-0.143622	-0.0979417
