XYZ rotation is: [2.05686e-07, 9.8291e-08, 1.18388e-07]
Rotation matrix C1MO (O to C1):
1	-1.18388e-07	9.82911e-08
1.18388e-07	1	-2.05686e-07
-9.8291e-08	2.05686e-07	1
XYZ rotation is: [-0.246612, 0.35992, -0.0936751]
Rotation matrix C2MO (O to C2):
0.931822	0.00510606	0.362881
-0.0875447	0.973536	0.211103
-0.3522	-0.228478	0.907608
XYZ rotation is: [-0.246613, 0.35992, -0.0936752]
Rotation matrix R:
0.931822	0.00510609	0.362881
-0.0875448	0.973536	0.211103
-0.3522	-0.228478	0.907608
