XYZ rotation is: [9.81236e-09, -1.36565e-07, 3.74282e-09]
Rotation matrix C1MO (O to C1):
1	-3.74282e-09	-1.36565e-07
3.74282e-09	1	-9.81236e-09
1.36565e-07	9.81236e-09	1
XYZ rotation is: [-0.28901, -0.269352, 0.176721]
Rotation matrix C2MO (O to C2):
0.948931	-0.093851	-0.301202
0.169464	0.956931	0.235723
0.266107	-0.274727	0.923965
XYZ rotation is: [-0.28901, -0.269352, 0.176721]
Rotation matrix R:
0.948931	-0.093851	-0.301202
0.169463	0.956931	0.235723
0.266107	-0.274727	0.923965
