XYZ rotation is: [-8.7428e-09, 3.09138e-08, -4.51749e-09]
Rotation matrix C1MO (O to C1):
1	4.51749e-09	3.09138e-08
-4.51749e-09	1	8.7428e-09
-3.09138e-08	-8.7428e-09	1
XYZ rotation is: [0.52275, 1.42606, 0.495474]
Rotation matrix C2MO (O to C2):
0.126891	0.02268	0.991657
0.068577	0.997146	-0.0315806
-0.989543	0.0720122	0.124973
XYZ rotation is: [0.52275, 1.42606, 0.495474]
Rotation matrix R:
0.126891	0.02268	0.991657
0.068577	0.997146	-0.0315806
-0.989543	0.0720122	0.124974
