XYZ rotation is: [-1.43521e-07, -3.55721e-07, -2.49159e-08]
Rotation matrix C1MO (O to C1):
1	2.49159e-08	-3.55721e-07
-2.49159e-08	1	1.43521e-07
3.55721e-07	-1.43521e-07	1
XYZ rotation is: [2.3541, 1.33333, 2.27927]
Rotation matrix C2MO (O to C2):
-0.153066	0.0876936	0.984317
0.178631	0.982102	-0.0597182
-0.971937	0.166689	-0.165992
XYZ rotation is: [2.3541, 1.33333, 2.27928]
Rotation matrix R:
-0.153067	0.0876938	0.984317
0.178631	0.982102	-0.0597183
-0.971937	0.166689	-0.165992
