XYZ rotation is: [-2.97973e-08, -2.6348e-08, -9.69221e-09]
Rotation matrix C1MO (O to C1):
1	9.69221e-09	-2.6348e-08
-9.69221e-09	1	2.97973e-08
2.6348e-08	-2.97973e-08	1
XYZ rotation is: [-0.00342562, 0.0472213, -0.00403104]
Rotation matrix C2MO (O to C2):
0.998877	0.0038693	0.0472169
-0.00402653	0.999987	0.00323531
-0.0472038	-0.0034218	0.998879
XYZ rotation is: [-0.00342559, 0.0472214, -0.00403103]
Rotation matrix R:
0.998877	0.00386929	0.047217
-0.00402652	0.999987	0.00323528
-0.0472038	-0.00342177	0.998879
