XYZ rotation is: [1.54609e-09, -3.57587e-09, -1.65176e-09]
Rotation matrix C1MO (O to C1):
1	1.65176e-09	-3.57587e-09
-1.65176e-09	1	-1.54609e-09
3.57587e-09	1.54609e-09	1
XYZ rotation is: [0.00526778, -0.0509685, 0.000411749]
Rotation matrix C2MO (O to C2):
0.998701	-0.000680116	-0.0509435
0.000411214	0.999986	-0.00528873
0.0509464	0.00526091	0.998688
XYZ rotation is: [0.00526778, -0.0509685, 0.00041175]
Rotation matrix R:
0.998701	-0.000680118	-0.0509435
0.000411216	0.999986	-0.00528873
0.0509464	0.00526091	0.998688
