XYZ rotation is: [2.17314e-08, 4.51579e-08, 6.15017e-09]
Rotation matrix C1MO (O to C1):
1	-6.15017e-09	4.51579e-08
6.15017e-09	1	-2.17314e-08
-4.51579e-08	2.17314e-08	1
XYZ rotation is: [0.0440763, -0.0111802, 0.000362458]
Rotation matrix C2MO (O to C2):
0.999937	-0.000854716	-0.0111531
0.000362435	0.999029	-0.0440661
0.0111799	0.0440593	0.998966
XYZ rotation is: [0.0440763, -0.0111802, 0.000362449]
Rotation matrix R:
0.999937	-0.00085471	-0.0111532
0.000362427	0.999029	-0.0440661
0.01118	0.0440593	0.998966
