XYZ rotation is: [-1.08851e-08, -1.92645e-08, -1.81845e-07]
Rotation matrix C1MO (O to C1):
1	1.81845e-07	-1.92645e-08
-1.81845e-07	1	1.08851e-08
1.92645e-08	-1.08851e-08	1
XYZ rotation is: [0.0764798, 0.562764, 0.106442]
Rotation matrix C2MO (O to C2):
0.840997	-0.0653968	0.537073
0.0898568	0.995765	-0.0194563
-0.533526	0.0646223	0.843311
XYZ rotation is: [0.0764799, 0.562764, 0.106442]
Rotation matrix R:
0.840997	-0.065397	0.537073
0.089857	0.995765	-0.0194563
-0.533526	0.0646224	0.843311
