XYZ rotation is: [1.69952e-08, 2.50124e-07, -3.4166e-08]
Rotation matrix C1MO (O to C1):
1	3.4166e-08	2.50124e-07
-3.4166e-08	1	-1.69952e-08
-2.50124e-07	1.69952e-08	1
XYZ rotation is: [-0.0941605, -0.0570849, 0.0396176]
Rotation matrix C2MO (O to C2):
0.997588	-0.0340717	-0.0604805
0.0395427	0.995001	0.0916979
0.0570539	-0.0938683	0.993948
XYZ rotation is: [-0.0941606, -0.0570851, 0.0396177]
Rotation matrix R:
0.997588	-0.0340717	-0.0604807
0.0395428	0.995001	0.091698
0.0570541	-0.0938683	0.993948
