XYZ rotation is: [-8.00087e-10, -1.24404e-11, -7.78272e-10]
Rotation matrix C1MO (O to C1):
1	7.78272e-10	-1.24404e-11
-7.78272e-10	1	8.00087e-10
1.24404e-11	-8.00087e-10	1
XYZ rotation is: [0.000503562, 0.0026391, -0.000555465]
Rotation matrix C2MO (O to C2):
0.999996	0.000556794	0.00263882
-0.000555463	1	-0.000505028
-0.0026391	0.000503561	0.999996
XYZ rotation is: [0.000503563, 0.0026391, -0.000555464]
Rotation matrix R:
0.999996	0.000556793	0.00263882
-0.000555462	1	-0.000505029
-0.0026391	0.000503561	0.999996
