XYZ rotation is: [5.16421e-08, -5.22988e-09, -1.14106e-07]
Rotation matrix C1MO (O to C1):
1	1.14106e-07	-5.22988e-09
-1.14106e-07	1	-5.16421e-08
5.22988e-09	5.16421e-08	1
XYZ rotation is: [3.07189, -0.552536, 0.0772137]
Rotation matrix C2MO (O to C2):
0.84866	0.0405029	0.527386
0.0656587	-0.997419	-0.0290557
0.524848	0.0592859	-0.849129
XYZ rotation is: [3.07189, -0.552536, 0.0772135]
Rotation matrix R:
0.84866	0.0405027	0.527386
0.0656586	-0.997419	-0.0290558
0.524848	0.0592858	-0.849129
