XYZ rotation is: [4.58475e-10, 4.04979e-08, 4.87935e-09]
Rotation matrix C1MO (O to C1):
1	-4.87935e-09	4.04979e-08
4.87935e-09	1	-4.58475e-10
-4.04979e-08	4.58475e-10	1
XYZ rotation is: [-0.0212244, 0.0267857, 0.00304122]
Rotation matrix C2MO (O to C2):
0.999637	-0.00360893	0.0267118
0.00304012	0.999768	0.0213041
-0.0267825	-0.0212152	0.999416
XYZ rotation is: [-0.0212244, 0.0267856, 0.00304121]
Rotation matrix R:
0.999637	-0.00360892	0.0267117
0.00304012	0.999768	0.0213041
-0.0267824	-0.0212152	0.999416
