XYZ rotation is: [-3.80674e-09, -1.15486e-08, -6.89386e-10]
Rotation matrix C1MO (O to C1):
1	6.89386e-10	-1.15486e-08
-6.89386e-10	1	3.80674e-09
1.15486e-08	-3.80674e-09	1
XYZ rotation is: [0.0273842, -0.0206511, 0.00285585]
Rotation matrix C2MO (O to C2):
0.999783	-0.00342018	-0.0205636
0.00285524	0.999619	-0.0274396
0.0206497	0.0273749	0.999412
XYZ rotation is: [0.0273842, -0.0206511, 0.00285585]
Rotation matrix R:
0.999783	-0.00342018	-0.0205636
0.00285524	0.999619	-0.0274396
0.0206497	0.0273749	0.999412
