XYZ rotation is: [8.98173e-09, -2.28902e-08, -2.28472e-09]
Rotation matrix C1MO (O to C1):
1	2.28472e-09	-2.28902e-08
-2.28472e-09	1	-8.98173e-09
2.28902e-08	8.98173e-09	1
XYZ rotation is: [0.00116173, -0.0689814, -0.00210288]
Rotation matrix C2MO (O to C2):
0.99762	0.00202281	-0.0689289
-0.00209788	0.999997	-0.00101678
0.0689267	0.00115897	0.997621
XYZ rotation is: [0.00116172, -0.0689814, -0.00210288]
Rotation matrix R:
0.99762	0.00202281	-0.0689289
-0.00209788	0.999997	-0.00101677
0.0689267	0.00115896	0.997621
