XYZ rotation is: [-1.18093e-08, -1.08547e-07, 3.66872e-09]
Rotation matrix C1MO (O to C1):
1	-3.66872e-09	-1.08547e-07
3.66872e-09	1	1.18093e-08
1.08547e-07	-1.18093e-08	1
XYZ rotation is: [0.0153571, 0.0689885, 0.00170027]
Rotation matrix C2MO (O to C2):
0.99762	-0.000641488	0.0689517
0.00169622	0.999882	-0.0152393
-0.0689338	0.0153199	0.997504
XYZ rotation is: [0.0153571, 0.0689886, 0.00170026]
Rotation matrix R:
0.99762	-0.000641483	0.0689518
0.00169622	0.999882	-0.0152393
-0.0689339	0.0153199	0.997504
