XYZ rotation is: [1.8306e-08, -1.24772e-08, -3.7732e-09]
Rotation matrix C1MO (O to C1):
1	3.7732e-09	-1.24772e-08
-3.7732e-09	1	-1.8306e-08
1.24772e-08	1.8306e-08	1
XYZ rotation is: [0.00931741, 0.0818769, 0.000609651]
Rotation matrix C2MO (O to C2):
0.99665	0.000152393	0.0817876
0.000607609	0.999957	-0.00926741
-0.0817855	0.00928606	0.996607
XYZ rotation is: [0.00931739, 0.081877, 0.000609655]
Rotation matrix R:
0.99665	0.000152388	0.0817876
0.000607613	0.999957	-0.0092674
-0.0817855	0.00928604	0.996607
