XYZ rotation is: [-2.31644e-08, 1.98885e-07, 1.20045e-08]
Rotation matrix C1MO (O to C1):
1	-1.20045e-08	1.98885e-07
1.20045e-08	1	2.31644e-08
-1.98885e-07	-2.31644e-08	1
XYZ rotation is: [-0.00606609, -0.196221, 0.00459821]
Rotation matrix C2MO (O to C2):
0.9808	-0.00341546	-0.194986
0.00450995	0.999976	0.00516952
0.194964	-0.00594965	0.980792
XYZ rotation is: [-0.00606607, -0.196221, 0.0045982]
Rotation matrix R:
0.9808	-0.00341545	-0.194987
0.00450994	0.999976	0.0051695
0.194964	-0.00594962	0.980792
