XYZ rotation is: [6.38961e-08, -3.6554e-08, -1.00898e-08]
Rotation matrix C1MO (O to C1):
1	1.00898e-08	-3.6554e-08
-1.00898e-08	1	-6.38961e-08
3.6554e-08	6.38961e-08	1
XYZ rotation is: [0.0716115, 0.192633, -0.000817739]
Rotation matrix C2MO (O to C2):
0.981503	0.0145135	0.190894
-0.000802614	0.997425	-0.0717065
-0.191444	0.0702269	0.978988
XYZ rotation is: [0.0716115, 0.192633, -0.000817726]
Rotation matrix R:
0.981503	0.0145135	0.190894
-0.000802601	0.997425	-0.0717064
-0.191444	0.0702269	0.978988
