XYZ rotation is: [-4.86671e-09, -8.12844e-08, -6.12147e-09]
Rotation matrix C1MO (O to C1):
1	6.12147e-09	-8.12844e-08
-6.12147e-09	1	4.86671e-09
8.12844e-08	-4.86671e-09	1
XYZ rotation is: [0.00329129, -0.0363067, 0.00667871]
Rotation matrix C2MO (O to C2):
0.999319	-0.00679809	-0.0362757
0.00667425	0.999971	-0.00353363
0.0362987	0.00328911	0.999336
XYZ rotation is: [0.00329129, -0.0363066, 0.00667871]
Rotation matrix R:
0.999319	-0.00679809	-0.0362757
0.00667426	0.999971	-0.00353364
0.0362986	0.00328911	0.999336
