XYZ rotation is: [2.28224e-08, 1.23811e-07, 1.84357e-08]
Rotation matrix C1MO (O to C1):
1	-1.84357e-08	1.23811e-07
1.84357e-08	1	-2.28224e-08
-1.23811e-07	2.28224e-08	1
XYZ rotation is: [0.00963286, -0.0134421, -0.00415681]
Rotation matrix C2MO (O to C2):
0.999901	0.00402712	-0.013481
-0.00415642	0.999946	-0.00957675
0.0134417	0.00963184	0.999863
XYZ rotation is: [0.00963283, -0.0134423, -0.00415683]
Rotation matrix R:
0.999901	0.00402714	-0.0134812
-0.00415644	0.999946	-0.00957673
0.0134419	0.00963181	0.999863
