XYZ rotation is: [8.66862e-08, 1.6585e-07, 1.3179e-09]
Rotation matrix C1MO (O to C1):
1	-1.31789e-09	1.6585e-07
1.3179e-09	1	-8.66862e-08
-1.6585e-07	8.66862e-08	1
XYZ rotation is: [0.00328495, 0.0887007, 0.00174094]
Rotation matrix C2MO (O to C2):
0.996067	-0.00144993	0.0885896
0.00173409	0.999994	-0.00313072
-0.0885845	0.00327203	0.996063
XYZ rotation is: [0.00328487, 0.0887006, 0.00174094]
Rotation matrix R:
0.996067	-0.00144994	0.0885894
0.00173409	0.999994	-0.00313064
-0.0885843	0.00327195	0.996063
