XYZ rotation is: [-1.46969e-07, 2.76998e-08, 6.56585e-08]
Rotation matrix C1MO (O to C1):
1	-6.56585e-08	2.76998e-08
6.56585e-08	1	1.46969e-07
-2.76998e-08	-1.46969e-07	1
XYZ rotation is: [-0.0230611, -0.10859, 0.00168767]
Rotation matrix C2MO (O to C2):
0.994109	0.000811831	-0.108386
0.00167773	0.999737	0.0228762
0.108376	-0.0229233	0.993846
XYZ rotation is: [-0.023061, -0.10859, 0.00168761]
Rotation matrix R:
0.994109	0.00081188	-0.108386
0.00167767	0.999737	0.0228761
0.108376	-0.0229231	0.993846
