XYZ rotation is: [-1.5847e-08, 1.6005e-07, 2.59103e-08]
Rotation matrix C1MO (O to C1):
1	-2.59103e-08	1.6005e-07
2.59103e-08	1	1.5847e-08
-1.6005e-07	-1.5847e-08	1
XYZ rotation is: [0.333718, -0.0120171, -0.0184167]
Rotation matrix C2MO (O to C2):
0.999758	0.0134641	-0.0173841
-0.0184143	0.944743	-0.327293
0.0120168	0.327534	0.944763
XYZ rotation is: [0.333718, -0.0120172, -0.0184167]
Rotation matrix R:
0.999758	0.0134642	-0.0173842
-0.0184144	0.944743	-0.327293
0.0120169	0.327534	0.944763
