XYZ rotation is: [2.41869e-07, 6.77844e-08, -3.8941e-08]
Rotation matrix C1MO (O to C1):
1	3.8941e-08	6.77843e-08
-3.8941e-08	1	-2.41869e-07
-6.77844e-08	2.41869e-07	1
XYZ rotation is: [0.198809, 0.00622841, -0.0301096]
Rotation matrix C2MO (O to C2):
0.999527	0.0307416	0.000157122
-0.0301045	0.979821	-0.197596
-0.00622837	0.197498	0.980284
XYZ rotation is: [0.198809, 0.00622834, -0.0301096]
Rotation matrix R:
0.999527	0.0307416	0.000157062
-0.0301044	0.979821	-0.197596
-0.0062283	0.197498	0.980284
