XYZ rotation is: [2.54113e-07, -1.75016e-07, -6.08606e-08]
Rotation matrix C1MO (O to C1):
1	6.08605e-08	-1.75016e-07
-6.08606e-08	1	-2.54113e-07
1.75016e-07	2.54113e-07	1
XYZ rotation is: [-0.0348291, -0.000395482, -0.0132604]
Rotation matrix C2MO (O to C2):
0.999912	0.0132658	6.65349e-05
-0.0132601	0.999305	0.0348242
0.000395482	-0.034822	0.999393
XYZ rotation is: [-0.0348293, -0.000395304, -0.0132604]
Rotation matrix R:
0.999912	0.0132657	6.67133e-05
-0.01326	0.999305	0.0348245
0.000395304	-0.0348223	0.999393
