XYZ rotation is: [-6.11073e-08, 4.61686e-09, 1.07727e-08]
Rotation matrix C1MO (O to C1):
1	-1.07727e-08	4.61686e-09
1.07727e-08	1	6.11073e-08
-4.61686e-09	-6.11073e-08	1
XYZ rotation is: [-0.0519726, -0.193564, 0.0111375]
Rotation matrix C2MO (O to C2):
0.981264	-0.00113002	-0.192665
0.0109293	0.998699	0.0498065
0.192358	-0.0509791	0.98
XYZ rotation is: [-0.0519725, -0.193564, 0.0111375]
Rotation matrix R:
0.981264	-0.00113002	-0.192665
0.0109293	0.998699	0.0498065
0.192358	-0.050979	0.98
