XYZ rotation is: [3.59161e-07, 1.14066e-07, -5.1463e-08]
Rotation matrix C1MO (O to C1):
1	5.1463e-08	1.14066e-07
-5.1463e-08	1	-3.59161e-07
-1.14066e-07	3.59161e-07	1
XYZ rotation is: [-0.0141689, -0.0435869, 0.00704586]
Rotation matrix C2MO (O to C2):
0.999025	-0.00642775	-0.0436675
0.00703911	0.999879	0.0138611
0.0435731	-0.014155	0.99895
XYZ rotation is: [-0.0141693, -0.043587, 0.00704592]
Rotation matrix R:
0.999025	-0.00642779	-0.0436676
0.00703917	0.999879	0.0138615
0.0435732	-0.0141553	0.99895
