XYZ rotation is: [1.11158e-07, 1.13992e-07, -1.59039e-08]
Rotation matrix C1MO (O to C1):
1	1.59039e-08	1.13992e-07
-1.59039e-08	1	-1.11158e-07
-1.13992e-07	1.11158e-07	1
XYZ rotation is: [0.108706, 0.106734, -0.0199015]
Rotation matrix C2MO (O to C2):
0.994112	0.0313383	0.103723
-0.019787	0.99367	-0.110578
-0.106532	0.107875	0.98844
XYZ rotation is: [0.108706, 0.106734, -0.0199015]
Rotation matrix R:
0.994112	0.0313383	0.103723
-0.019787	0.99367	-0.110578
-0.106532	0.107875	0.98844
