XYZ rotation is: [1.01621e-07, 4.70469e-09, -3.4903e-08]
Rotation matrix C1MO (O to C1):
1	3.4903e-08	4.70469e-09
-3.4903e-08	1	-1.01621e-07
-4.70469e-09	1.01621e-07	1
XYZ rotation is: [-0.0451672, -0.0489042, 0.00360786]
Rotation matrix C2MO (O to C2):
0.998798	-0.00139695	-0.0489975
0.00360354	0.998982	0.0449754
0.0488847	-0.0450979	0.997786
XYZ rotation is: [-0.0451673, -0.0489042, 0.00360789]
Rotation matrix R:
0.998798	-0.00139698	-0.0489975
0.00360357	0.998982	0.0449755
0.0488847	-0.045098	0.997786
