XYZ rotation is: [-1.73381e-07, 2.99709e-07, 7.43003e-08]
Rotation matrix C1MO (O to C1):
1	-7.43003e-08	2.99709e-07
7.43003e-08	1	1.73381e-07
-2.99709e-07	-1.73381e-07	1
XYZ rotation is: [-0.111839, -0.098572, 0.0176872]
Rotation matrix C2MO (O to C2):
0.99499	-0.00659414	-0.0997562
0.0176004	0.993791	0.109858
0.0984124	-0.111064	0.988929
XYZ rotation is: [-0.111838, -0.0985723, 0.0176872]
Rotation matrix R:
0.99499	-0.00659408	-0.0997565
0.0176004	0.993791	0.109858
0.0984127	-0.111064	0.988929
