XYZ rotation is: [-1.21462e-07, 1.58447e-07, 5.0755e-08]
Rotation matrix C1MO (O to C1):
1	-5.0755e-08	1.58447e-07
5.0755e-08	1	1.21462e-07
-1.58447e-07	-1.21462e-07	1
XYZ rotation is: [-0.00999131, 0.0680097, 0.00230475]
Rotation matrix C2MO (O to C2):
0.997686	-0.00298361	0.0679307
0.00229942	0.999946	0.0101477
-0.0679573	-0.00996805	0.997638
XYZ rotation is: [-0.0099912, 0.0680096, 0.0023047]
Rotation matrix R:
0.997686	-0.00298355	0.0679306
0.00229937	0.999946	0.0101476
-0.0679572	-0.00996793	0.997638
