XYZ rotation is: [1.03092e-07, -7.09017e-08, -5.45987e-08]
Rotation matrix C1MO (O to C1):
1	5.45987e-08	-7.09017e-08
-5.45987e-08	1	-1.03092e-07
7.09017e-08	1.03092e-07	1
XYZ rotation is: [0.0229065, -0.0758287, -0.00247002]
Rotation matrix C2MO (O to C2):
0.997123	0.000734221	-0.0757925
-0.00246292	0.999739	-0.0227173
0.075756	0.0228386	0.996865
XYZ rotation is: [0.0229064, -0.0758286, -0.00246996]
Rotation matrix R:
0.997123	0.000734174	-0.0757924
-0.00246286	0.999739	-0.0227172
0.075756	0.0228385	0.996865
