XYZ rotation is: [5.64734e-09, -6.07318e-07, -2.45048e-08]
Rotation matrix C1MO (O to C1):
1	2.45048e-08	-6.07318e-07
-2.45048e-08	1	-5.64732e-09
6.07318e-07	5.64734e-09	1
XYZ rotation is: [-0.0155763, -0.243661, 0.00140206]
Rotation matrix C2MO (O to C2):
0.97046	0.00235585	-0.24125
0.00136064	0.999883	0.0152374
0.241257	-0.0151155	0.970343
XYZ rotation is: [-0.0155763, -0.243661, 0.00140207]
Rotation matrix R:
0.97046	0.00235582	-0.241249
0.00136066	0.999883	0.0152374
0.241257	-0.0151156	0.970344
