XYZ rotation is: [1.55782e-07, -1.41354e-07, -6.72774e-08]
Rotation matrix C1MO (O to C1):
1	6.72773e-08	-1.41354e-07
-6.72774e-08	1	-1.55782e-07
1.41354e-07	1.55782e-07	1
XYZ rotation is: [-0.129146, 0.00290398, 0.0238181]
Rotation matrix C2MO (O to C2):
0.999712	-0.0239914	-0.000188212
0.0238158	0.991382	0.12882
-0.00290398	-0.128787	0.991668
XYZ rotation is: [-0.129146, 0.00290413, 0.0238182]
Rotation matrix R:
0.999712	-0.0239915	-0.000188075
0.0238158	0.991382	0.12882
-0.00290413	-0.128787	0.991668
