XYZ rotation is: [2.49318e-08, -1.50728e-07, -1.72922e-08]
Rotation matrix C1MO (O to C1):
1	1.72922e-08	-1.50728e-07
-1.72922e-08	1	-2.49318e-08
1.50728e-07	2.49318e-08	1
XYZ rotation is: [-0.0234437, -0.227774, 0.0093778]
Rotation matrix C2MO (O to C2):
0.974129	-0.00408199	-0.225958
0.00913545	0.999731	0.0213235
0.22581	-0.0228361	0.973904
XYZ rotation is: [-0.0234437, -0.227774, 0.00937782]
Rotation matrix R:
0.974129	-0.004082	-0.225957
0.00913547	0.999731	0.0213236
0.22581	-0.0228361	0.973904
