XYZ rotation is: [3.04248e-08, 7.20258e-09, -1.00401e-08]
Rotation matrix C1MO (O to C1):
1	1.00401e-08	7.20258e-09
-1.00401e-08	1	-3.04248e-08
-7.20258e-09	3.04248e-08	1
XYZ rotation is: [-0.0372241, -0.233951, 0.00474163]
Rotation matrix C2MO (O to C2):
0.972747	0.00388898	-0.231836
0.00461244	0.999337	0.0361167
0.231822	-0.0362017	0.972084
XYZ rotation is: [-0.0372242, -0.233951, 0.00474164]
Rotation matrix R:
0.972747	0.00388898	-0.231836
0.00461245	0.999337	0.0361167
0.231822	-0.0362018	0.972084
