XYZ rotation is: [2.34328e-07, -2.15414e-08, -6.02695e-08]
Rotation matrix C1MO (O to C1):
1	6.02695e-08	-2.15414e-08
-6.02695e-08	1	-2.34328e-07
2.15414e-08	2.34328e-07	1
XYZ rotation is: [-0.025227, 0.0238142, 0.0010203]
Rotation matrix C2MO (O to C2):
0.999716	-0.00162061	0.0237786
0.00102001	0.999681	0.0252486
-0.0238119	-0.0252172	0.999398
XYZ rotation is: [-0.0252272, 0.0238142, 0.00102036]
Rotation matrix R:
0.999716	-0.00162068	0.0237786
0.00102007	0.999681	0.0252488
-0.0238119	-0.0252174	0.999398
