XYZ rotation is: [5.61612e-08, 6.91834e-08, -1.58656e-08]
Rotation matrix C1MO (O to C1):
1	1.58656e-08	6.91834e-08
-1.58656e-08	1	-5.61612e-08
-6.91834e-08	5.61612e-08	1
XYZ rotation is: [0.0335676, -0.28088, -0.0034312]
Rotation matrix C2MO (O to C2):
0.960806	-0.0058739	-0.277158
-0.00329673	0.999463	-0.0326105
0.277201	0.032246	0.960271
XYZ rotation is: [0.0335675, -0.28088, -0.00343119]
Rotation matrix R:
0.960806	-0.0058739	-0.277158
-0.00329672	0.999463	-0.0326104
0.277201	0.032246	0.960271
