XYZ rotation is: [-1.26561e-07, 8.908e-08, 2.45051e-08]
Rotation matrix C1MO (O to C1):
1	-2.45051e-08	8.908e-08
2.45051e-08	1	1.26561e-07
-8.908e-08	-1.26561e-07	1
XYZ rotation is: [-0.0368344, -0.240842, 0.00169556]
Rotation matrix C2MO (O to C2):
0.971136	0.00708936	-0.238421
0.00164662	0.999335	0.0364219
0.23852	-0.0357632	0.970479
XYZ rotation is: [-0.0368343, -0.240842, 0.00169554]
Rotation matrix R:
0.971136	0.00708935	-0.238421
0.0016466	0.999335	0.0364218
0.238521	-0.0357631	0.970479
