XYZ rotation is: [-6.93266e-08, 6.62866e-08, 1.28429e-08]
Rotation matrix C1MO (O to C1):
1	-1.28429e-08	6.62866e-08
1.28429e-08	1	6.93266e-08
-6.62866e-08	-6.93266e-08	1
XYZ rotation is: [0.000600777, 0.0592194, 0.0028456]
Rotation matrix C2MO (O to C2):
0.998243	-0.00281003	0.0591862
0.0028406	0.999996	-0.000432359
-0.0591848	0.000599724	0.998247
XYZ rotation is: [0.000600846, 0.0592193, 0.00284558]
Rotation matrix R:
0.998243	-0.00281002	0.0591862
0.00284059	0.999996	-0.000432429
-0.0591847	0.000599793	0.998247
