XYZ rotation is: [-1.67429e-07, 8.07182e-08, 3.44661e-08]
Rotation matrix C1MO (O to C1):
1	-3.44661e-08	8.07182e-08
3.44661e-08	1	1.67429e-07
-8.07182e-08	-1.67429e-07	1
XYZ rotation is: [0.00819723, 0.0655622, -0.00177209]
Rotation matrix C2MO (O to C2):
0.99785	0.00230907	0.0654984
-0.00176828	0.999964	-0.00831322
-0.0655153	0.00817953	0.997818
XYZ rotation is: [0.00819739, 0.0655622, -0.00177213]
Rotation matrix R:
0.99785	0.00230911	0.0654984
-0.00176832	0.999964	-0.00831339
-0.0655152	0.00817969	0.997818
