XYZ rotation is: [-2.30242e-07, -1.86918e-07, -4.36366e-10]
Rotation matrix C1MO (O to C1):
1	4.36409e-10	-1.86918e-07
-4.36366e-10	1	2.30242e-07
1.86918e-07	-2.30242e-07	1
XYZ rotation is: [-0.00348969, -0.230477, -0.00596726]
Rotation matrix C2MO (O to C2):
0.97354	0.00676437	-0.228416
-0.00580944	0.999971	0.00485278
0.228442	-0.00339741	0.973552
XYZ rotation is: [-0.00348946, -0.230477, -0.00596726]
Rotation matrix R:
0.97354	0.00676432	-0.228416
-0.00580944	0.999971	0.00485255
0.228442	-0.00339718	0.973552
