XYZ rotation is: [1.31959e-08, 3.44394e-07, 2.5007e-08]
Rotation matrix C1MO (O to C1):
1	-2.5007e-08	3.44394e-07
2.5007e-08	1	-1.31959e-08
-3.44394e-07	1.31959e-08	1
XYZ rotation is: [0.110272, -0.145111, -0.00469147]
Rotation matrix C2MO (O to C2):
0.989479	-0.0112502	-0.144239
-0.00464214	0.99399	-0.109373
0.144603	0.108892	0.98348
XYZ rotation is: [0.110272, -0.145112, -0.00469153]
Rotation matrix R:
0.989479	-0.0112502	-0.144239
-0.00464221	0.99399	-0.109373
0.144603	0.108892	0.98348
