XYZ rotation is: [-4.51756e-08, -2.78237e-07, 1.81114e-09]
Rotation matrix C1MO (O to C1):
1	-1.81112e-09	-2.78237e-07
1.81114e-09	1	4.51756e-08
2.78237e-07	-4.51756e-08	1
XYZ rotation is: [0.0615691, -0.502471, -0.0299125]
Rotation matrix C2MO (O to C2):
0.876003	0.000232125	-0.482305
-0.0262113	0.998545	-0.0471265
0.481593	0.0539248	0.874735
XYZ rotation is: [0.0615692, -0.502471, -0.0299125]
Rotation matrix R:
0.876003	0.000232104	-0.482305
-0.0262113	0.998545	-0.0471266
0.481592	0.0539249	0.874735
