XYZ rotation is: [2.87468e-07, 2.34402e-07, -1.90631e-08]
Rotation matrix C1MO (O to C1):
1	1.90631e-08	2.34402e-07
-1.90631e-08	1	-2.87468e-07
-2.34402e-07	2.87468e-07	1
XYZ rotation is: [0.0369539, -0.168272, 0.0110007]
Rotation matrix C2MO (O to C2):
0.985816	-0.0171802	-0.166948
0.0108451	0.999189	-0.0387844
0.167479	0.0364237	0.985203
XYZ rotation is: [0.0369537, -0.168272, 0.0110008]
Rotation matrix R:
0.985816	-0.0171802	-0.166948
0.0108452	0.999189	-0.0387841
0.167479	0.0364234	0.985203
