XYZ rotation is: [1.70713e-07, 7.27314e-08, -3.27839e-08]
Rotation matrix C1MO (O to C1):
1	3.27839e-08	7.27314e-08
-3.27839e-08	1	-1.70713e-07
-7.27314e-08	1.70713e-07	1
XYZ rotation is: [-0.00314884, -0.0189794, 0.00207836]
Rotation matrix C2MO (O to C2):
0.999818	-0.00201859	-0.0189847
0.00207799	0.999993	0.00310939
0.0189783	-0.00314827	0.999815
XYZ rotation is: [-0.00314901, -0.0189795, 0.0020784]
Rotation matrix R:
0.999818	-0.00201862	-0.0189848
0.00207802	0.999993	0.00310956
0.0189783	-0.00314844	0.999815
