XYZ rotation is: [1.57736e-08, -1.00997e-07, -1.87292e-08]
Rotation matrix C1MO (O to C1):
1	1.87292e-08	-1.00997e-07
-1.87292e-08	1	-1.57736e-08
1.00997e-07	1.57736e-08	1
XYZ rotation is: [-0.0196416, 0.0810657, 0.00800321]
Rotation matrix C2MO (O to C2):
0.996684	-0.00959195	0.0808016
0.00797684	0.999762	0.0202877
-0.080977	-0.0195759	0.996524
XYZ rotation is: [-0.0196417, 0.0810658, 0.00800323]
Rotation matrix R:
0.996684	-0.00959197	0.0808017
0.00797686	0.999762	0.0202877
-0.0809771	-0.0195759	0.996524
