XYZ rotation is: [9.37033e-08, 7.58632e-08, -4.22931e-09]
Rotation matrix C1MO (O to C1):
1	4.22932e-09	7.58632e-08
-4.22931e-09	1	-9.37033e-08
-7.58632e-08	9.37033e-08	1
XYZ rotation is: [-0.081408, 0.00861343, 0.0336456]
Rotation matrix C2MO (O to C2):
0.999397	-0.0342279	0.00584446
0.033638	0.996101	0.0815608
-0.00861333	-0.0813151	0.996651
XYZ rotation is: [-0.0814081, 0.00861336, 0.0336456]
Rotation matrix R:
0.999397	-0.0342279	0.00584439
0.033638	0.996101	0.0815609
-0.00861325	-0.0813152	0.996651
