XYZ rotation is: [-1.8294e-07, -2.74075e-07, 3.63758e-08]
Rotation matrix C1MO (O to C1):
1	-3.63758e-08	-2.74075e-07
3.63758e-08	1	1.8294e-07
2.74075e-07	-1.8294e-07	1
XYZ rotation is: [-0.0456896, 0.0747851, 0.00393602]
Rotation matrix C2MO (O to C2):
0.997197	-0.00734441	0.0744571
0.00392501	0.998935	0.0459671
-0.0747154	-0.0455461	0.996164
XYZ rotation is: [-0.0456894, 0.0747854, 0.00393597]
Rotation matrix R:
0.997197	-0.00734436	0.0744574
0.00392496	0.998935	0.045967
-0.0747157	-0.0455459	0.996164
