XYZ rotation is: [-3.15024e-08, -4.88817e-08, -2.4131e-09]
Rotation matrix C1MO (O to C1):
1	2.4131e-09	-4.88817e-08
-2.4131e-09	1	3.15024e-08
4.88817e-08	-3.15024e-08	1
XYZ rotation is: [-0.0329219, 0.0710008, 0.00317524]
Rotation matrix C2MO (O to C2):
0.997475	-0.0055086	0.0707979
0.00316723	0.999446	0.0331409
-0.0709412	-0.032833	0.99694
XYZ rotation is: [-0.0329219, 0.0710009, 0.00317524]
Rotation matrix R:
0.997475	-0.0055086	0.0707979
0.00316724	0.999446	0.0331409
-0.0709412	-0.032833	0.99694
