XYZ rotation is: [-5.70188e-08, -6.33698e-08, 1.99374e-08]
Rotation matrix C1MO (O to C1):
1	-1.99374e-08	-6.33698e-08
1.99374e-08	1	5.70188e-08
6.33698e-08	-5.70188e-08	1
XYZ rotation is: [-0.0402441, -0.269907, 0.00218398]
Rotation matrix C2MO (O to C2):
0.963793	0.00854564	-0.266513
0.00210491	0.999211	0.0396513
0.266642	-0.0387766	0.963015
XYZ rotation is: [-0.0402441, -0.269907, 0.00218396]
Rotation matrix R:
0.963793	0.00854565	-0.266513
0.00210489	0.999211	0.0396512
0.266642	-0.0387766	0.963015
