XYZ rotation is: [1.89578e-07, 6.82548e-08, -1.61242e-08]
Rotation matrix C1MO (O to C1):
1	1.61242e-08	6.82548e-08
-1.61242e-08	1	-1.89578e-07
-6.82548e-08	1.89578e-07	1
XYZ rotation is: [-0.0428528, -0.256196, -0.00356961]
Rotation matrix C2MO (O to C2):
0.967355	0.014422	-0.253016
-0.00345309	0.999037	0.0437432
0.253403	-0.0414415	0.966473
XYZ rotation is: [-0.042853, -0.256196, -0.00356959]
Rotation matrix R:
0.967355	0.014422	-0.253016
-0.00345308	0.999037	0.0437433
0.253403	-0.0414416	0.966473
