XYZ rotation is: [6.84982e-08, -1.90116e-07, -3.00773e-08]
Rotation matrix C1MO (O to C1):
1	3.00773e-08	-1.90116e-07
-3.00773e-08	1	-6.84982e-08
1.90116e-07	6.84982e-08	1
XYZ rotation is: [-0.00107483, -0.24762, -0.000968093]
Rotation matrix C2MO (O to C2):
0.969498	0.00123153	-0.245096
-0.000938564	0.999999	0.00131211
0.245097	-0.00104205	0.969498
XYZ rotation is: [-0.00107491, -0.24762, -0.000968062]
Rotation matrix R:
0.969498	0.00123152	-0.245096
-0.000938535	0.999999	0.00131218
0.245097	-0.00104212	0.969498
