XYZ rotation is: [-1.3671e-07, -4.13681e-08, 2.91976e-08]
Rotation matrix C1MO (O to C1):
1	-2.91976e-08	-4.13681e-08
2.91976e-08	1	1.3671e-07
4.13681e-08	-1.3671e-07	1
XYZ rotation is: [-0.0712921, 0.0641153, 0.0110034]
Rotation matrix C2MO (O to C2):
0.997885	-0.0155389	0.063121
0.0109806	0.997349	0.0719306
-0.0640714	-0.0710853	0.99541
XYZ rotation is: [-0.0712919, 0.0641154, 0.0110034]
Rotation matrix R:
0.997885	-0.0155388	0.063121
0.0109805	0.997349	0.0719304
-0.0640714	-0.0710852	0.99541
