XYZ rotation is: [7.42465e-09, 5.42587e-08, -5.89956e-10]
Rotation matrix C1MO (O to C1):
1	5.89956e-10	5.42587e-08
-5.89956e-10	1	-7.42465e-09
-5.42587e-08	7.42465e-09	1
XYZ rotation is: [-0.0124418, 0.108151, -0.000237289]
Rotation matrix C2MO (O to C2):
0.994157	-0.00110566	0.107935
-0.000235903	0.999923	0.0124158
-0.10794	-0.0123688	0.99408
XYZ rotation is: [-0.0124418, 0.108151, -0.000237288]
Rotation matrix R:
0.994157	-0.00110567	0.107935
-0.000235902	0.999923	0.0124159
-0.10794	-0.0123688	0.99408
