XYZ rotation is: [1.67422e-07, 1.29245e-07, -2.84296e-08]
Rotation matrix C1MO (O to C1):
1	2.84296e-08	1.29245e-07
-2.84296e-08	1	-1.67422e-07
-1.29245e-07	1.67422e-07	1
XYZ rotation is: [0.00130501, -0.211315, 0.00227202]
Rotation matrix C2MO (O to C2):
0.977753	-0.00254573	-0.209742
0.00222148	0.999996	-0.00178155
0.209746	0.00127598	0.977755
XYZ rotation is: [0.00130484, -0.211315, 0.00227205]
Rotation matrix R:
0.977753	-0.00254573	-0.209742
0.00222151	0.999996	-0.00178138
0.209746	0.00127581	0.977755
