XYZ rotation is: [5.7278e-08, 4.31358e-08, 9.77143e-09]
Rotation matrix C1MO (O to C1):
1	-9.77143e-09	4.31358e-08
9.77143e-09	1	-5.7278e-08
-4.31358e-08	5.7278e-08	1
XYZ rotation is: [-0.0327844, 0.0867082, 0.00251629]
Rotation matrix C2MO (O to C2):
0.99624	-0.00535354	0.0864703
0.00250684	0.999452	0.0329962
-0.0865996	-0.0326554	0.995708
XYZ rotation is: [-0.0327845, 0.0867082, 0.00251628]
Rotation matrix R:
0.99624	-0.00535353	0.0864703
0.00250683	0.999452	0.0329963
-0.0865995	-0.0326555	0.995708
