XYZ rotation is: [-6.96964e-08, 2.02883e-08, 9.78265e-09]
Rotation matrix C1MO (O to C1):
1	-9.78265e-09	2.02883e-08
9.78265e-09	1	6.96964e-08
-2.02883e-08	-6.96964e-08	1
XYZ rotation is: [-0.0454269, -0.156854, 0.0178193]
Rotation matrix C2MO (O to C2):
0.987567	-0.0107074	-0.156835
0.0175996	0.998936	0.0426234
0.156212	-0.0448537	0.986705
XYZ rotation is: [-0.0454268, -0.156854, 0.0178193]
Rotation matrix R:
0.987567	-0.0107074	-0.156835
0.0175996	0.998936	0.0426234
0.156212	-0.0448537	0.986705
