XYZ rotation is: [9.16888e-08, 3.11027e-08, -1.96939e-08]
Rotation matrix C1MO (O to C1):
1	1.96939e-08	3.11027e-08
-1.96939e-08	1	-9.16888e-08
-3.11027e-08	9.16888e-08	1
XYZ rotation is: [-0.00489366, -0.253014, -0.00321254]
Rotation matrix C2MO (O to C2):
0.968157	0.00443748	-0.250303
-0.00311025	0.999979	0.00569777
0.250323	-0.00473784	0.968151
XYZ rotation is: [-0.00489375, -0.253014, -0.00321252]
Rotation matrix R:
0.968157	0.00443748	-0.250303
-0.00311023	0.999979	0.00569786
0.250323	-0.00473793	0.968151
