XYZ rotation is: [3.99862e-08, 6.20004e-08, 1.49186e-08]
Rotation matrix C1MO (O to C1):
1	-1.49186e-08	6.20004e-08
1.49186e-08	1	-3.99862e-08
-6.20004e-08	3.99862e-08	1
XYZ rotation is: [0.0228589, 0.529878, 0.00984033]
Rotation matrix C2MO (O to C2):
0.862827	0.00171436	0.505497
0.00849078	0.999804	-0.0178836
-0.505428	0.0197225	0.862643
XYZ rotation is: [0.0228588, 0.529878, 0.00984032]
Rotation matrix R:
0.862827	0.00171436	0.505497
0.00849076	0.999804	-0.0178836
-0.505428	0.0197225	0.862643
