XYZ rotation is: [-1.99101e-08, -2.15847e-08, -4.74299e-09]
Rotation matrix C1MO (O to C1):
1	4.74299e-09	-2.15847e-08
-4.74299e-09	1	1.99101e-08
2.15847e-08	-1.99101e-08	1
XYZ rotation is: [0.0116737, -0.236266, 0.00598498]
Rotation matrix C2MO (O to C2):
0.972201	-0.00871693	-0.233984
0.00581868	0.999898	-0.013074
0.234074	0.0113491	0.972153
XYZ rotation is: [0.0116737, -0.236266, 0.00598499]
Rotation matrix R:
0.972201	-0.00871694	-0.233984
0.00581868	0.999898	-0.013074
0.234074	0.0113491	0.972153
