XYZ rotation is: [-1.13045e-07, -1.78383e-08, -2.05453e-09]
Rotation matrix C1MO (O to C1):
1	2.05453e-09	-1.78383e-08
-2.05453e-09	1	1.13045e-07
1.78383e-08	-1.13045e-07	1
XYZ rotation is: [-0.0455168, 0.235414, 0.000757149]
Rotation matrix C2MO (O to C2):
0.972417	-0.0113693	0.23297
0.000736265	0.998956	0.0456775
-0.233246	-0.0442461	0.971411
XYZ rotation is: [-0.0455167, 0.235414, 0.00075715]
Rotation matrix R:
0.972417	-0.0113693	0.23297
0.000736266	0.998956	0.0456774
-0.233246	-0.044246	0.971411
