XYZ rotation is: [-4.40871e-08, -8.17522e-08, -9.60957e-09]
Rotation matrix C1MO (O to C1):
1	9.60957e-09	-8.17522e-08
-9.60957e-09	1	4.40871e-08
8.17522e-08	-4.40871e-08	1
XYZ rotation is: [-0.0848202, 0.310563, 0.00442843]
Rotation matrix C2MO (O to C2):
0.952152	-0.0303018	0.304118
0.00421656	0.996281	0.0860662
-0.305595	-0.0806658	0.948738
XYZ rotation is: [-0.0848202, 0.310563, 0.00442843]
Rotation matrix R:
0.952152	-0.0303018	0.304118
0.00421657	0.996281	0.0860661
-0.305595	-0.0806657	0.948738
