XYZ rotation is: [-2.8927e-08, -3.83555e-08, -5.7826e-09]
Rotation matrix C1MO (O to C1):
1	5.7826e-09	-3.83555e-08
-5.7826e-09	1	2.8927e-08
3.83555e-08	-2.8927e-08	1
XYZ rotation is: [0.0089057, 0.0245095, 2.74707e-05]
Rotation matrix C2MO (O to C2):
0.9997	0.00019078	0.0245063
2.74625e-05	0.99996	-0.00890491
-0.024507	0.0089029	0.99966
XYZ rotation is: [0.00890573, 0.0245095, 2.74768e-05]
Rotation matrix R:
0.9997	0.000190775	0.0245063
2.74686e-05	0.99996	-0.00890493
-0.0245071	0.00890293	0.99966
