XYZ rotation is: [-1.04492e-08, -1.01352e-08, -5.4031e-08]
Rotation matrix C1MO (O to C1):
1	5.4031e-08	-1.01352e-08
-5.4031e-08	1	1.04492e-08
1.01352e-08	-1.04492e-08	1
XYZ rotation is: [-0.0119786, -0.495226, 0.0277607]
Rotation matrix C2MO (O to C2):
0.879522	-0.0220649	-0.475346
0.0244225	0.999701	-0.00121644
0.475231	-0.0105392	0.879798
XYZ rotation is: [-0.0119786, -0.495226, 0.0277608]
Rotation matrix R:
0.879522	-0.022065	-0.475346
0.0244225	0.999701	-0.00121645
0.475231	-0.0105393	0.879798
