XYZ rotation is: [6.92617e-08, 7.02704e-08, 3.01573e-09]
Rotation matrix C1MO (O to C1):
1	-3.01572e-09	7.02704e-08
3.01573e-09	1	-6.92617e-08
-7.02704e-08	6.92617e-08	1
XYZ rotation is: [0.0161874, 0.322586, 0.000619073]
Rotation matrix C2MO (O to C2):
0.948419	0.00451251	0.316989
0.00058714	0.999872	-0.0159904
-0.31702	0.0153517	0.948294
XYZ rotation is: [0.0161873, 0.322586, 0.000619068]
Rotation matrix R:
0.948419	0.0045125	0.316989
0.000587136	0.999872	-0.0159904
-0.31702	0.0153517	0.948294
