XYZ rotation is: [8.2779e-09, -5.52436e-08, 1.70545e-09]
Rotation matrix C1MO (O to C1):
1	-1.70545e-09	-5.52436e-08
1.70545e-09	1	-8.2779e-09
5.52436e-08	8.2779e-09	1
XYZ rotation is: [-0.0316246, 0.257819, 0.00108397]
Rotation matrix C2MO (O to C2):
0.966948	-0.00914549	0.254811
0.00104815	0.999491	0.0318956
-0.254972	-0.0305743	0.966465
XYZ rotation is: [-0.0316246, 0.257819, 0.00108397]
Rotation matrix R:
0.966948	-0.00914549	0.254811
0.00104814	0.999491	0.0318956
-0.254973	-0.0305743	0.966465
