XYZ rotation is: [7.53625e-09, -1.22281e-08, 2.753e-10]
Rotation matrix C1MO (O to C1):
1	-2.753e-10	-1.22281e-08
2.753e-10	1	-7.53625e-09
1.22281e-08	7.53625e-09	1
XYZ rotation is: [-0.0472347, 0.0642242, 0.00163159]
Rotation matrix C2MO (O to C2):
0.997937	-0.00466017	0.0640314
0.00162822	0.998878	0.0473217
-0.0641801	-0.0471198	0.996825
XYZ rotation is: [-0.0472347, 0.0642243, 0.00163159]
Rotation matrix R:
0.997937	-0.00466017	0.0640314
0.00162822	0.998878	0.0473217
-0.0641801	-0.0471198	0.996825
