XYZ rotation is: [-2.41238e-09, 1.182e-09, -9.75514e-10]
Rotation matrix C1MO (O to C1):
1	9.75514e-10	1.182e-09
-9.75514e-10	1	2.41238e-09
-1.182e-09	-2.41238e-09	1
XYZ rotation is: [0.0126341, -0.0583433, -0.00309657]
Rotation matrix C2MO (O to C2):
0.998294	0.00235965	-0.0583444
-0.0030913	0.999918	-0.0124531
0.0583102	0.0126122	0.998219
XYZ rotation is: [0.0126341, -0.0583433, -0.00309657]
Rotation matrix R:
0.998294	0.00235965	-0.0583444
-0.0030913	0.999918	-0.0124531
0.0583102	0.0126122	0.998219
