XYZ rotation is: [-2.45772e-08, 3.20416e-08, -2.99872e-09]
Rotation matrix C1MO (O to C1):
1	2.99872e-09	3.20416e-08
-2.99872e-09	1	2.45772e-08
-3.20416e-08	-2.45772e-08	1
XYZ rotation is: [-0.0141336, -0.171115, 0.00671112]
Rotation matrix C2MO (O to C2):
0.985373	-0.00430385	-0.170355
0.00661306	0.999894	0.0129901
0.170281	-0.0139267	0.985297
XYZ rotation is: [-0.0141335, -0.171115, 0.00671112]
Rotation matrix R:
0.985373	-0.00430386	-0.170355
0.00661306	0.999894	0.0129901
0.170281	-0.0139267	0.985297
