XYZ rotation is: [-1.99379e-08, -1.36406e-07, -1.259e-08]
Rotation matrix C1MO (O to C1):
1	1.259e-08	-1.36406e-07
-1.259e-08	1	1.99379e-08
1.36406e-07	-1.99379e-08	1
XYZ rotation is: [-0.126375, -0.410339, 0.0091495]
Rotation matrix C2MO (O to C2):
0.916947	0.0412012	-0.396876
0.00838985	0.992444	0.122413
0.39892	-0.115576	0.909673
XYZ rotation is: [-0.126375, -0.410339, 0.0091495]
Rotation matrix R:
0.916947	0.0412011	-0.396876
0.00838984	0.992444	0.122413
0.39892	-0.115576	0.909673
