XYZ rotation is: [-1.18692e-07, -2.76284e-08, 5.79483e-09]
Rotation matrix C1MO (O to C1):
1	-5.79483e-09	-2.76284e-08
5.79483e-09	1	1.18692e-07
2.76284e-08	-1.18692e-07	1
XYZ rotation is: [-0.0969232, 0.0540091, 0.0224665]
Rotation matrix C2MO (O to C2):
0.99829	-0.0275818	0.051542
0.0224318	0.994938	0.0979541
-0.0539829	-0.0966304	0.993855
XYZ rotation is: [-0.0969231, 0.0540092, 0.0224665]
Rotation matrix R:
0.99829	-0.0275818	0.0515421
0.0224318	0.994938	0.097954
-0.0539829	-0.0966303	0.993855
