XYZ rotation is: [3.48228e-08, -4.17815e-08, -4.71946e-09]
Rotation matrix C1MO (O to C1):
1	4.71946e-09	-4.17815e-08
-4.71946e-09	1	-3.48228e-08
4.17815e-08	3.48228e-08	1
XYZ rotation is: [0.26497, 0.327543, 0.0551469]
Rotation matrix C2MO (O to C2):
0.945396	0.0309282	0.324453
0.0521885	0.968277	-0.244368
-0.321718	0.247958	0.913791
XYZ rotation is: [0.26497, 0.327543, 0.0551469]
Rotation matrix R:
0.945396	0.0309282	0.324453
0.0521886	0.968277	-0.244368
-0.321718	0.247957	0.913791
