XYZ rotation is: [2.12599e-08, -2.41325e-08, 4.19965e-09]
Rotation matrix C1MO (O to C1):
1	-4.19965e-09	-2.41325e-08
4.19965e-09	1	-2.12599e-08
2.41325e-08	2.12599e-08	1
XYZ rotation is: [0.00442914, -0.0579629, -0.00188409]
Rotation matrix C2MO (O to C2):
0.998319	0.00162749	-0.0579381
-0.00188093	0.999989	-0.00431997
0.0579304	0.00442169	0.998311
XYZ rotation is: [0.00442912, -0.0579629, -0.0018841]
Rotation matrix R:
0.998319	0.0016275	-0.0579381
-0.00188093	0.999989	-0.00431995
0.0579304	0.00442167	0.998311
