XYZ rotation is: [2.26783e-07, 3.95331e-07, 7.2939e-08]
Rotation matrix C1MO (O to C1):
1	-7.29389e-08	3.95331e-07
7.2939e-08	1	-2.26783e-07
-3.95331e-07	2.26783e-07	1
XYZ rotation is: [-0.0119738, 0.219718, -0.00541623]
Rotation matrix C2MO (O to C2):
0.975945	0.00280617	0.218
-0.00528599	0.999928	0.0107929
-0.217954	-0.0116857	0.975889
XYZ rotation is: [-0.0119741, 0.219718, -0.0054163]
Rotation matrix R:
0.975945	0.00280619	0.218
-0.00528606	0.999928	0.0107932
-0.217954	-0.0116859	0.975889
