XYZ rotation is: [5.03584e-09, 3.01562e-08, 3.56397e-09]
Rotation matrix C1MO (O to C1):
1	-3.56397e-09	3.01562e-08
3.56397e-09	1	-5.03584e-09
-3.01562e-08	5.03584e-09	1
XYZ rotation is: [-0.0248237, -0.209542, 0.0129963]
Rotation matrix C2MO (O to C2):
0.978044	-0.00782929	-0.208253
0.0127117	0.999675	0.0221165
0.208012	-0.0242782	0.977825
XYZ rotation is: [-0.0248237, -0.209542, 0.0129963]
Rotation matrix R:
0.978044	-0.00782928	-0.208253
0.0127117	0.999675	0.0221165
0.208012	-0.0242782	0.977825
