XYZ rotation is: [2.02891e-08, -7.74941e-08, -8.83544e-09]
Rotation matrix C1MO (O to C1):
1	8.83544e-09	-7.74941e-08
-8.83544e-09	1	-2.02891e-08
7.74941e-08	2.02891e-08	1
XYZ rotation is: [0.121096, -0.191708, -0.0180792]
Rotation matrix C2MO (O to C2):
0.98152	-0.00506714	-0.191293
-0.017747	0.992931	-0.117361
0.190536	0.118587	0.974491
XYZ rotation is: [0.121096, -0.191708, -0.0180792]
Rotation matrix R:
0.98152	-0.00506714	-0.191293
-0.017747	0.992931	-0.117361
0.190536	0.118587	0.974491
