XYZ rotation is: [-2.32534e-08, -3.29021e-09, 6.77347e-09]
Rotation matrix C1MO (O to C1):
1	-6.77347e-09	-3.29021e-09
6.77347e-09	1	2.32534e-08
3.29021e-09	-2.32534e-08	1
XYZ rotation is: [0.100221, -0.184813, -0.0120372]
Rotation matrix C2MO (O to C2):
0.982899	-0.00640828	-0.184032
-0.0118319	0.995131	-0.0978456
0.183763	0.0983499	0.978038
XYZ rotation is: [0.100221, -0.184813, -0.0120372]
Rotation matrix R:
0.982899	-0.00640828	-0.184032
-0.0118319	0.995131	-0.0978457
0.183763	0.0983499	0.978038
