XYZ rotation is: [2.33395e-09, -1.95149e-06, -4.62614e-09]
Rotation matrix C1MO (O to C1):
1	4.62614e-09	-1.95149e-06
-4.62614e-09	1	-2.33394e-09
1.95149e-06	2.33395e-09	1
XYZ rotation is: [0.00300621, -0.384676, -0.00904499]
Rotation matrix C2MO (O to C2):
0.926882	0.00791677	-0.375269
-0.00838387	0.999965	0.000388075
0.375259	0.00278651	0.926916
XYZ rotation is: [0.0030062, -0.384675, -0.00904498]
Rotation matrix R:
0.926883	0.00791676	-0.375268
-0.00838386	0.999965	0.000388061
0.375257	0.00278651	0.926916
