XYZ rotation is: [4.63853e-08, 5.54061e-08, -2.4517e-09]
Rotation matrix C1MO (O to C1):
1	2.4517e-09	5.54061e-08
-2.4517e-09	1	-4.63853e-08
-5.54061e-08	4.63853e-08	1
XYZ rotation is: [0.00542403, -0.265899, 0.00438631]
Rotation matrix C2MO (O to C2):
0.964847	-0.00581153	-0.262747
0.00423215	0.999969	-0.00657656
0.262777	0.00523339	0.964842
XYZ rotation is: [0.00542399, -0.265899, 0.00438632]
Rotation matrix R:
0.964847	-0.00581152	-0.262747
0.00423215	0.999969	-0.00657651
0.262777	0.00523334	0.964842
