XYZ rotation is: [-4.23257e-08, -5.7487e-08, 7.01243e-09]
Rotation matrix C1MO (O to C1):
1	-7.01243e-09	-5.7487e-08
7.01243e-09	1	4.23257e-08
5.7487e-08	-4.23257e-08	1
XYZ rotation is: [-0.0225823, -0.379304, 0.00139403]
Rotation matrix C2MO (O to C2):
0.928922	0.00696725	-0.370211
0.00129494	0.999756	0.0220643
0.370274	-0.0209754	0.928686
XYZ rotation is: [-0.0225823, -0.379304, 0.00139402]
Rotation matrix R:
0.928922	0.00696724	-0.370211
0.00129494	0.999756	0.0220643
0.370274	-0.0209754	0.928686
