XYZ rotation is: [-3.4787e-09, 5.11336e-09, 3.61497e-09]
Rotation matrix C1MO (O to C1):
1	-3.61497e-09	5.11336e-09
3.61497e-09	1	3.4787e-09
-5.11336e-09	-3.4787e-09	1
XYZ rotation is: [-0.00257812, 0.0870243, -0.00780868]
Rotation matrix C2MO (O to C2):
0.996185	0.0075845	0.0869317
-0.00777905	0.999968	0.00189936
-0.0869145	-0.00256836	0.996212
XYZ rotation is: [-0.00257812, 0.0870243, -0.00780868]
Rotation matrix R:
0.996185	0.00758451	0.0869317
-0.00777905	0.999968	0.00189936
-0.0869145	-0.00256836	0.996212
