XYZ rotation is: [-1.26077e-09, -2.47236e-08, -2.29575e-09]
Rotation matrix C1MO (O to C1):
1	2.29575e-09	-2.47236e-08
-2.29575e-09	1	1.26077e-09
2.47236e-08	-1.26077e-09	1
XYZ rotation is: [-0.0487253, 0.248058, -0.00429331]
Rotation matrix C2MO (O to C2):
0.969382	-0.00767009	0.245438
-0.00416188	0.998855	0.0476527
-0.245522	-0.0472152	0.96824
XYZ rotation is: [-0.0487253, 0.248058, -0.00429331]
Rotation matrix R:
0.969382	-0.00767009	0.245438
-0.00416188	0.998855	0.0476527
-0.245522	-0.0472152	0.96824
