XYZ rotation is: [-6.64432e-08, 5.7145e-07, 1.40244e-08]
Rotation matrix C1MO (O to C1):
1	-1.40244e-08	5.7145e-07
1.40244e-08	1	6.64432e-08
-5.7145e-07	-6.64432e-08	1
XYZ rotation is: [0.00361787, 0.662599, 0.00607991]
Rotation matrix C2MO (O to C2):
0.788382	-0.00385428	0.615174
0.00479335	0.999989	0.00012232
-0.615168	0.00285231	0.788391
XYZ rotation is: [0.00361792, 0.662598, 0.00607989]
Rotation matrix R:
0.788382	-0.00385423	0.615174
0.00479333	0.999989	0.000122251
-0.615167	0.00285235	0.788391
