XYZ rotation is: [-3.00016e-07, -5.2458e-07, 5.20243e-08]
Rotation matrix C1MO (O to C1):
1	-5.20241e-08	-5.2458e-07
5.20243e-08	1	3.00015e-07
5.2458e-07	-3.00016e-07	1
XYZ rotation is: [-0.0969501, -0.657211, 0.0471437]
Rotation matrix C2MO (O to C2):
0.790819	0.0121646	-0.611929
0.0373098	0.996985	0.068036
0.610911	-0.0766351	0.787981
XYZ rotation is: [-0.0969497, -0.657211, 0.0471436]
Rotation matrix R:
0.79082	0.0121644	-0.611928
0.0373097	0.996985	0.0680357
0.610911	-0.0766349	0.787982
