XYZ rotation is: [-1.1003e-07, -3.36097e-08, 2.13271e-09]
Rotation matrix C1MO (O to C1):
1	-2.13271e-09	-3.36097e-08
2.13271e-09	1	1.1003e-07
3.36097e-08	-1.1003e-07	1
XYZ rotation is: [0.0567969, 0.526258, 0.0101531]
Rotation matrix C2MO (O to C2):
0.864648	0.0183757	0.502041
0.00877917	0.998626	-0.0516718
-0.502301	0.0490855	0.863299
XYZ rotation is: [0.056797, 0.526258, 0.0101531]
Rotation matrix R:
0.864648	0.0183758	0.502041
0.00877917	0.998626	-0.0516719
-0.502301	0.0490856	0.863299
