XYZ rotation is: [1.44287e-07, 2.93613e-07, -4.31499e-08]
Rotation matrix C1MO (O to C1):
1	4.315e-08	2.93613e-07
-4.31499e-08	1	-1.44287e-07
-2.93613e-07	1.44287e-07	1
XYZ rotation is: [-0.0159303, -0.42991, 0.00858168]
Rotation matrix C2MO (O to C2):
0.90897	-0.00194143	-0.416857
0.00780068	0.999893	0.0123528
0.416789	-0.0144801	0.908888
XYZ rotation is: [-0.0159305, -0.42991, 0.00858173]
Rotation matrix R:
0.90897	-0.00194141	-0.416857
0.00780072	0.999893	0.0123529
0.416789	-0.0144802	0.908888
