XYZ rotation is: [1.84599e-10, 8.57339e-09, -7.71578e-09]
Rotation matrix C1MO (O to C1):
1	7.71578e-09	8.57339e-09
-7.71578e-09	1	-1.84599e-10
-8.57339e-09	1.84599e-10	1
XYZ rotation is: [2.72437, -0.0711911, 0.00419202]
Rotation matrix C2MO (O to C2):
0.997458	-0.024991	0.0667275
0.00418139	-0.914333	-0.404943
0.071131	0.404192	-0.911904
XYZ rotation is: [2.72437, -0.0711911, 0.00419201]
Rotation matrix R:
0.997458	-0.024991	0.0667275
0.00418138	-0.914333	-0.404943
0.071131	0.404192	-0.911904
