XYZ rotation is: [-2.97479e-10, -8.2537e-09, -2.64228e-09]
Rotation matrix C1MO (O to C1):
1	2.64228e-09	-8.2537e-09
-2.64228e-09	1	2.97479e-10
8.2537e-09	-2.97479e-10	1
XYZ rotation is: [-0.0254365, -0.0319839, -0.0120101]
Rotation matrix C2MO (O to C2):
0.999416	0.0128192	-0.0316603
-0.0120036	0.999595	0.0258159
0.0319784	-0.0254208	0.999165
XYZ rotation is: [-0.0254365, -0.0319839, -0.0120101]
Rotation matrix R:
0.999416	0.0128192	-0.0316603
-0.0120036	0.999595	0.0258159
0.0319784	-0.0254208	0.999165
