XYZ rotation is: [3.36738e-08, 3.79376e-07, -3.63994e-08]
Rotation matrix C1MO (O to C1):
1	3.63994e-08	3.79376e-07
-3.63994e-08	1	-3.36738e-08
-3.79376e-07	3.36738e-08	1
XYZ rotation is: [-0.014669, 0.0691311, -0.0178929]
Rotation matrix C2MO (O to C2):
0.997452	0.0168769	0.06932
-0.0178492	0.99975	0.0134304
-0.0690761	-0.0146334	0.997504
XYZ rotation is: [-0.014669, 0.0691308, -0.0178928]
Rotation matrix R:
0.997452	0.0168769	0.0693197
-0.0178491	0.99975	0.0134304
-0.0690757	-0.0146335	0.997504
