XYZ rotation is: [-2.76972e-09, -1.5446e-10, 6.66057e-09]
Rotation matrix C1MO (O to C1):
1	-6.66057e-09	-1.5446e-10
6.66057e-09	1	2.76972e-09
1.5446e-10	-2.76972e-09	1
XYZ rotation is: [0.00227532, -0.118353, 0.00143028]
Rotation matrix C2MO (O to C2):
0.993003	-0.00169894	-0.118073
0.00142027	0.999996	-0.0024442
0.118077	0.0022594	0.993002
XYZ rotation is: [0.00227533, -0.118353, 0.00143027]
Rotation matrix R:
0.993003	-0.00169893	-0.118073
0.00142027	0.999996	-0.0024442
0.118077	0.00225941	0.993002
