XYZ rotation is: [-1.64582e-08, 7.75788e-09, 1.00642e-08]
Rotation matrix C1MO (O to C1):
1	-1.00642e-08	7.75788e-09
1.00642e-08	1	1.64582e-08
-7.75788e-09	-1.64582e-08	1
XYZ rotation is: [0.00851524, -0.0263971, 0.00187839]
Rotation matrix C2MO (O to C2):
0.99965	-0.00210307	-0.0263771
0.00187773	0.999962	-0.0085647
0.0263941	0.00851217	0.999615
XYZ rotation is: [0.00851526, -0.0263971, 0.00187838]
Rotation matrix R:
0.99965	-0.00210306	-0.0263771
0.00187772	0.999962	-0.00856472
0.0263941	0.00851219	0.999615
