XYZ rotation is: [-4.26656e-08, 1.83806e-08, 2.2615e-09]
Rotation matrix C1MO (O to C1):
1	-2.2615e-09	1.83806e-08
2.2615e-09	1	4.26656e-08
-1.83806e-08	-4.26656e-08	1
XYZ rotation is: [0.0916432, 0.428757, 0.0176212]
Rotation matrix C2MO (O to C2):
0.909342	0.0204943	0.415545
0.0160253	0.996319	-0.084206
-0.415741	0.0832313	0.905667
XYZ rotation is: [0.0916432, 0.428757, 0.0176212]
Rotation matrix R:
0.909342	0.0204943	0.415545
0.0160253	0.996319	-0.0842061
-0.415741	0.0832313	0.905667
