XYZ rotation is: [-3.37834e-09, -4.28908e-09, -3.08277e-10]
Rotation matrix C1MO (O to C1):
1	3.08277e-10	-4.28908e-09
-3.08277e-10	1	3.37834e-09
4.28908e-09	-3.37834e-09	1
XYZ rotation is: [-0.00513252, 0.0765235, -0.000401931]
Rotation matrix C2MO (O to C2):
0.997073	9.55197e-06	0.0764499
-0.000400754	0.999987	0.00510177
-0.0764488	-0.00511748	0.99706
XYZ rotation is: [-0.00513252, 0.0765235, -0.00040193]
Rotation matrix R:
0.997073	9.55193e-06	0.0764499
-0.000400754	0.999987	0.00510177
-0.0764489	-0.00511747	0.99706
