XYZ rotation is: [2.3916e-07, -2.55487e-09, -1.26746e-08]
Rotation matrix C1MO (O to C1):
1	1.26746e-08	-2.55487e-09
-1.26746e-08	1	-2.3916e-07
2.55487e-09	2.3916e-07	1
XYZ rotation is: [-0.0975356, 0.080357, -0.0367798]
Rotation matrix C2MO (O to C2):
0.996099	0.0287852	0.0834159
-0.0366528	0.994862	0.0943775
-0.0802706	-0.0970668	0.992036
XYZ rotation is: [-0.0975358, 0.080357, -0.0367798]
Rotation matrix R:
0.996099	0.0287851	0.0834159
-0.0366528	0.994862	0.0943778
-0.0802706	-0.097067	0.992036
