XYZ rotation is: [1.69983e-08, 3.41917e-08, -5.35621e-09]
Rotation matrix C1MO (O to C1):
1	5.35621e-09	3.41917e-08
-5.35621e-09	1	-1.69983e-08
-3.41917e-08	1.69983e-08	1
XYZ rotation is: [0.00698517, -0.0572845, 0.00398611]
Rotation matrix C2MO (O to C2):
0.998352	-0.00438592	-0.0572235
0.00397956	0.999966	-0.00721327
0.0572531	0.00697366	0.998335
XYZ rotation is: [0.00698515, -0.0572845, 0.00398612]
Rotation matrix R:
0.998352	-0.00438592	-0.0572235
0.00397957	0.999966	-0.00721325
0.0572532	0.00697364	0.998335
