XYZ rotation is: [9.58328e-08, -1.41068e-08, -9.8833e-09]
Rotation matrix C1MO (O to C1):
1	9.8833e-09	-1.41068e-08
-9.8833e-09	1	-9.58328e-08
1.41068e-08	9.58328e-08	1
XYZ rotation is: [0.00359351, 0.00234995, -0.00727997]
Rotation matrix C2MO (O to C2):
0.999971	0.0072883	0.00232371
-0.00727988	0.999967	-0.00361051
-0.00234995	0.00359349	0.999991
XYZ rotation is: [0.00359341, 0.00234996, -0.00727996]
Rotation matrix R:
0.999971	0.00728829	0.00232372
-0.00727987	0.999967	-0.00361041
-0.00234996	0.00359339	0.999991
