XYZ rotation is: [-3.83601e-08, 1.96275e-08, 2.23892e-09]
Rotation matrix C1MO (O to C1):
1	-2.23892e-09	1.96275e-08
2.23892e-09	1	3.83601e-08
-1.96275e-08	-3.83601e-08	1
XYZ rotation is: [0.00819669, -0.0641641, 0.000988472]
Rotation matrix C2MO (O to C2):
0.997942	-0.001514	-0.0641098
0.000986437	0.999965	-0.00825997
0.0641201	0.00817973	0.997909
XYZ rotation is: [0.00819673, -0.0641641, 0.000988469]
Rotation matrix R:
0.997942	-0.001514	-0.0641098
0.000986435	0.999965	-0.00826001
0.0641201	0.00817977	0.997909
