XYZ rotation is: [-2.59692e-08, 4.13045e-08, 3.22319e-09]
Rotation matrix C1MO (O to C1):
1	-3.22319e-09	4.13045e-08
3.22319e-09	1	2.59692e-08
-4.13045e-08	-2.59692e-08	1
XYZ rotation is: [-0.0130955, -0.162481, 0.0023342]
Rotation matrix C2MO (O to C2):
0.986826	-0.000215626	-0.161784
0.00230345	0.999916	0.0127176
0.161767	-0.0129227	0.986744
XYZ rotation is: [-0.0130955, -0.162482, 0.00233419]
Rotation matrix R:
0.986826	-0.000215627	-0.161784
0.00230345	0.999916	0.0127175
0.161768	-0.0129227	0.986744
