XYZ rotation is: [-2.26513e-08, -2.20081e-08, -1.23938e-09]
Rotation matrix C1MO (O to C1):
1	1.23938e-09	-2.20081e-08
-1.23938e-09	1	2.26513e-08
2.20081e-08	-2.26513e-08	1
XYZ rotation is: [0.012587, 0.213094, -0.000748923]
Rotation matrix C2MO (O to C2):
0.977381	0.00341075	0.211458
-0.000731983	0.999919	-0.012745
-0.211485	0.012302	0.977304
XYZ rotation is: [0.012587, 0.213094, -0.000748922]
Rotation matrix R:
0.977381	0.00341075	0.211458
-0.000731982	0.999919	-0.012745
-0.211485	0.012302	0.977304
