XYZ rotation is: [2.5545e-09, -5.06879e-08, 1.29179e-09]
Rotation matrix C1MO (O to C1):
1	-1.29179e-09	-5.06879e-08
1.29179e-09	1	-2.5545e-09
5.06879e-08	2.5545e-09	1
XYZ rotation is: [-0.0283372, 0.346142, -0.00678389]
Rotation matrix C2MO (O to C2):
0.940667	-0.00283137	0.339319
-0.00638148	0.999641	0.0260322
-0.339271	-0.0266529	0.940311
XYZ rotation is: [-0.0283372, 0.346142, -0.00678389]
Rotation matrix R:
0.940667	-0.00283137	0.339319
-0.00638148	0.999641	0.0260322
-0.339271	-0.0266529	0.940311
