XYZ rotation is: [-1.69594e-08, 2.8891e-08, -1.07363e-10]
Rotation matrix C1MO (O to C1):
1	1.07363e-10	2.8891e-08
-1.07363e-10	1	1.69594e-08
-2.8891e-08	-1.69594e-08	1
XYZ rotation is: [0.0293142, 0.605336, 0.0213668]
Rotation matrix C2MO (O to C2):
0.822123	-0.00468128	0.56929
0.0175688	0.999699	-0.017151
-0.569038	0.024102	0.821958
XYZ rotation is: [0.0293143, 0.605336, 0.0213668]
Rotation matrix R:
0.822123	-0.00468127	0.56929
0.0175688	0.999699	-0.017151
-0.569038	0.024102	0.821958
