XYZ rotation is: [-4.76686e-09, 2.61096e-08, 1.41358e-08]
Rotation matrix C1MO (O to C1):
1	-1.41358e-08	2.61096e-08
1.41358e-08	1	4.76686e-09
-2.61096e-08	-4.76686e-09	1
XYZ rotation is: [0.0488305, -0.550211, -0.0135801]
Rotation matrix C2MO (O to C2):
0.852335	-0.0119559	-0.522859
-0.0115755	0.999063	-0.0417147
0.522867	0.0416073	0.851398
XYZ rotation is: [0.0488305, -0.550211, -0.0135801]
Rotation matrix R:
0.852335	-0.0119559	-0.522859
-0.0115755	0.999063	-0.0417147
0.522867	0.0416073	0.851398
