XYZ rotation is: [1.90516e-08, -3.40364e-08, 2.12615e-09]
Rotation matrix C1MO (O to C1):
1	-2.12615e-09	-3.40364e-08
2.12615e-09	1	-1.90516e-08
3.40364e-08	1.90516e-08	1
XYZ rotation is: [0.0675456, -0.494175, -0.00834985]
Rotation matrix C2MO (O to C2):
0.880329	-0.0236811	-0.473771
-0.00735079	0.997952	-0.0635406
0.474306	0.0594192	0.878353
XYZ rotation is: [0.0675456, -0.494175, -0.00834985]
Rotation matrix R:
0.880329	-0.0236811	-0.473771
-0.00735079	0.997952	-0.0635406
0.474306	0.0594192	0.878353
