image: map/400.000000/merged_map.png
resolution: 0.050000
origin: [-17.850000, -17.550000, 0.000000]
negate: 0
occupied_thresh: 0.65
free_thresh: 0.196

