XYZ rotation is: [-1.4367e-07, -1.3641e-07, -3.86572e-08]
Rotation matrix C1MO (O to C1):
1	3.86572e-08	-1.3641e-07
-3.86572e-08	1	1.4367e-07
1.3641e-07	-1.4367e-07	1
XYZ rotation is: [-2.07526, -0.0545615, 2.08773]
Rotation matrix C2MO (O to C2):
-0.493481	0.396593	-0.774074
0.868045	0.280378	-0.409738
0.0545345	-0.87413	-0.482622
XYZ rotation is: [-2.07526, -0.0545616, 2.08773]
Rotation matrix R:
-0.493481	0.396592	-0.774075
0.868045	0.280378	-0.409738
0.0545345	-0.87413	-0.482621
