XYZ rotation is: [2.14501e-09, -1.58843e-09, -2.05782e-08]
Rotation matrix C1MO (O to C1):
1	2.05782e-08	-1.58843e-09
-2.05782e-08	1	-2.14501e-09
1.58843e-09	2.14501e-09	1
XYZ rotation is: [0.00191767, 0.0579307, 0.00227518]
Rotation matrix C2MO (O to C2):
0.99832	-0.00216415	0.0579024
0.00227136	0.999996	-0.00178594
-0.0578983	0.00191445	0.998321
XYZ rotation is: [0.00191767, 0.0579307, 0.0022752]
Rotation matrix R:
0.99832	-0.00216417	0.0579024
0.00227138	0.999996	-0.00178594
-0.0578983	0.00191445	0.998321
