XYZ rotation is: [-6.67092e-09, 3.60728e-09, -3.3164e-08]
Rotation matrix C1MO (O to C1):
1	3.3164e-08	3.60728e-09
-3.3164e-08	1	6.67092e-09
-3.60728e-09	-6.67092e-09	1
XYZ rotation is: [0.000465161, 0.0115986, 0.0213896]
Rotation matrix C2MO (O to C2):
0.999704	-0.0213826	0.0116056
0.0213865	0.999771	-0.00021699
-0.0115983	0.00046513	0.999933
XYZ rotation is: [0.000465168, 0.0115986, 0.0213896]
Rotation matrix R:
0.999704	-0.0213826	0.0116056
0.0213865	0.999771	-0.000216997
-0.0115983	0.000465137	0.999933
