XYZ rotation is: [-6.3908e-10, 1.45568e-08, -1.13531e-08]
Rotation matrix C1MO (O to C1):
1	1.13531e-08	1.45568e-08
-1.13531e-08	1	6.3908e-10
-1.45568e-08	-6.3908e-10	1
XYZ rotation is: [-2.53276, -0.356747, 2.54311]
Rotation matrix C2MO (O to C2):
-0.774171	0.297146	-0.558895
0.527919	0.790261	-0.311109
0.349228	-0.535903	-0.768666
XYZ rotation is: [-2.53276, -0.356747, 2.54311]
Rotation matrix R:
-0.774171	0.297146	-0.558895
0.527919	0.790261	-0.311109
0.349228	-0.535903	-0.768666
