XYZ rotation is: [1.99214e-08, -3.64401e-08, -3.44791e-09]
Rotation matrix C1MO (O to C1):
1	3.44791e-09	-3.64401e-08
-3.44791e-09	1	-1.99214e-08
3.64401e-08	1.99214e-08	1
XYZ rotation is: [-0.00326426, 0.0455987, -0.0012899]
Rotation matrix C2MO (O to C2):
0.99896	0.0011411	0.0455868
-0.00128856	0.999994	0.00320546
-0.0455829	-0.00326086	0.998955
XYZ rotation is: [-0.00326428, 0.0455987, -0.0012899]
Rotation matrix R:
0.99896	0.00114109	0.0455868
-0.00128856	0.999994	0.00320548
-0.0455829	-0.00326088	0.998955
