XYZ rotation is: [3.16088e-08, -6.55617e-09, -3.56418e-09]
Rotation matrix C1MO (O to C1):
1	3.56418e-09	-6.55617e-09
-3.56418e-09	1	-3.16088e-08
6.55617e-09	3.16088e-08	1
XYZ rotation is: [-0.00105325, -0.0261519, -0.000437556]
Rotation matrix C2MO (O to C2):
0.999658	0.000465097	-0.0261485
-0.000437406	0.999999	0.0010647
0.0261489	-0.00105289	0.999658
XYZ rotation is: [-0.00105329, -0.0261519, -0.000437552]
Rotation matrix R:
0.999658	0.000465094	-0.0261485
-0.000437402	0.999999	0.00106473
0.0261489	-0.00105293	0.999658
