XYZ rotation is: [-1.08334e-08, -1.53224e-08, -1.27879e-08]
Rotation matrix C1MO (O to C1):
1	1.27879e-08	-1.53224e-08
-1.27879e-08	1	1.08334e-08
1.53224e-08	-1.08334e-08	1
XYZ rotation is: [0.00511648, 0.00935801, -0.00524795]
Rotation matrix C2MO (O to C2):
0.999942	0.00529574	0.00933077
-0.0052477	0.999973	-0.0051655
-0.00935787	0.00511623	0.999943
XYZ rotation is: [0.00511649, 0.00935802, -0.00524794]
Rotation matrix R:
0.999942	0.00529572	0.00933078
-0.00524768	0.999973	-0.00516551
-0.00935789	0.00511624	0.999943
