XYZ rotation is: [-4.62507e-09, 2.32802e-09, -2.7914e-09]
Rotation matrix C1MO (O to C1):
1	2.7914e-09	2.32802e-09
-2.7914e-09	1	4.62507e-09
-2.32802e-09	-4.62507e-09	1
XYZ rotation is: [-0.00664316, 0.334817, -0.00401532]
Rotation matrix C2MO (O to C2):
0.944463	0.00183233	0.328613
-0.00379234	0.999979	0.00532367
-0.328597	-0.00627423	0.94445
XYZ rotation is: [-0.00664316, 0.334817, -0.00401532]
Rotation matrix R:
0.944463	0.00183233	0.328613
-0.00379234	0.999979	0.00532367
-0.328597	-0.00627422	0.94445
