XYZ rotation is: [-1.4084e-09, 8.18249e-09, -1.38418e-09]
Rotation matrix C1MO (O to C1):
1	1.38418e-09	8.18249e-09
-1.38418e-09	1	1.4084e-09
-8.18249e-09	-1.4084e-09	1
XYZ rotation is: [-0.0255223, 0.131666, 0.0117401]
Rotation matrix C2MO (O to C2):
0.991276	-0.0150862	0.130934
0.0116383	0.999566	0.0270585
-0.131285	-0.0252986	0.991022
XYZ rotation is: [-0.0255223, 0.131666, 0.0117401]
Rotation matrix R:
0.991276	-0.0150862	0.130934
0.0116383	0.999566	0.0270585
-0.131285	-0.0252986	0.991022
