XYZ rotation is: [6.8799e-08, -7.61356e-08, -1.52079e-08]
Rotation matrix C1MO (O to C1):
1	1.52079e-08	-7.61356e-08
-1.52079e-08	1	-6.8799e-08
7.61356e-08	6.8799e-08	1
XYZ rotation is: [-0.060539, 0.103657, 0.0204342]
Rotation matrix C2MO (O to C2):
0.994425	-0.0266543	0.102024
0.0203231	0.997832	0.0625997
-0.103472	-0.0601772	0.99281
XYZ rotation is: [-0.060539, 0.103657, 0.0204342]
Rotation matrix R:
0.994425	-0.0266543	0.102025
0.0203231	0.997832	0.0625998
-0.103472	-0.0601773	0.99281
