XYZ rotation is: [1.75057e-09, -2.39629e-08, -8.92236e-11]
Rotation matrix C1MO (O to C1):
1	8.92236e-11	-2.39629e-08
-8.92236e-11	1	-1.75057e-09
2.39629e-08	1.75057e-09	1
XYZ rotation is: [-0.00406848, 0.107326, 0.000994355]
Rotation matrix C2MO (O to C2):
0.994246	-0.00143016	0.107115
0.000988634	0.999991	0.00417499
-0.10712	-0.00404506	0.994238
XYZ rotation is: [-0.00406849, 0.107326, 0.000994355]
Rotation matrix R:
0.994246	-0.00143016	0.107115
0.000988634	0.999991	0.00417499
-0.10712	-0.00404506	0.994238
