XYZ rotation is: [-4.13195e-10, 2.00316e-08, -1.71917e-09]
Rotation matrix C1MO (O to C1):
1	1.71917e-09	2.00316e-08
-1.71917e-09	1	4.13195e-10
-2.00316e-08	-4.13195e-10	1
XYZ rotation is: [-0.00174072, 0.0856477, -0.00238685]
Rotation matrix C2MO (O to C2):
0.996332	0.00223794	0.0855468
-0.0023781	0.999996	0.00153654
-0.085543	-0.00173434	0.996333
XYZ rotation is: [-0.00174072, 0.0856477, -0.00238685]
Rotation matrix R:
0.996332	0.00223794	0.0855468
-0.0023781	0.999996	0.00153654
-0.085543	-0.00173434	0.996333
