XYZ rotation is: [7.93871e-08, -1.11982e-07, -1.95018e-08]
Rotation matrix C1MO (O to C1):
1	1.95018e-08	-1.11982e-07
-1.95018e-08	1	-7.93871e-08
1.11982e-07	7.93871e-08	1
XYZ rotation is: [-0.00794116, 0.0955472, -0.00073982]
Rotation matrix C2MO (O to C2):
0.995439	-1.77959e-05	0.0954047
-0.000736446	0.999969	0.00787049
-0.0954019	-0.00790485	0.995407
XYZ rotation is: [-0.00794123, 0.0955473, -0.000739802]
Rotation matrix R:
0.995439	-1.78229e-05	0.0954048
-0.000736427	0.999969	0.00787057
-0.095402	-0.00790493	0.995407
