XYZ rotation is: [1.4613e-08, -1.83632e-08, -1.92648e-09]
Rotation matrix C1MO (O to C1):
1	1.92647e-09	-1.83632e-08
-1.92648e-09	1	-1.4613e-08
1.83632e-08	1.4613e-08	1
XYZ rotation is: [-0.000381702, 0.0779576, -0.000254424]
Rotation matrix C2MO (O to C2):
0.996963	0.000224697	0.0778787
-0.000253651	1	0.000361888
-0.0778786	-0.000380543	0.996963
XYZ rotation is: [-0.000381716, 0.0779576, -0.000254422]
Rotation matrix R:
0.996963	0.000224694	0.0778787
-0.000253649	1	0.000361902
-0.0778786	-0.000380557	0.996963
