XYZ rotation is: [3.43124e-08, -1.67609e-08, -3.67836e-09]
Rotation matrix C1MO (O to C1):
1	3.67836e-09	-1.67609e-08
-3.67836e-09	1	-3.43124e-08
1.67609e-08	3.43124e-08	1
XYZ rotation is: [-0.0059883, 0.0912673, -0.00132839]
Rotation matrix C2MO (O to C2):
0.995837	0.00078259	0.0911469
-0.00132286	0.999982	0.00586719
-0.0911406	-0.00596334	0.99582
XYZ rotation is: [-0.00598834, 0.0912673, -0.00132838]
Rotation matrix R:
0.995837	0.000782583	0.0911469
-0.00132286	0.999982	0.00586723
-0.0911406	-0.00596338	0.99582
