XYZ rotation is: [5.35541e-08, 8.69915e-09, -1.0377e-08]
Rotation matrix C1MO (O to C1):
1	1.0377e-08	8.69915e-09
-1.0377e-08	1	-5.35541e-08
-8.69915e-09	5.35541e-08	1
XYZ rotation is: [0.0687757, 0.0866214, -0.000526948]
Rotation matrix C2MO (O to C2):
0.996251	0.00647102	0.0862724
-0.000524973	0.997633	-0.068767
-0.0865131	0.0684639	0.993895
XYZ rotation is: [0.0687757, 0.0866214, -0.000526939]
Rotation matrix R:
0.996251	0.006471	0.0862724
-0.000524963	0.997633	-0.0687669
-0.0865131	0.0684638	0.993895
