XYZ rotation is: [-7.2664e-09, -1.77776e-07, -4.00821e-09]
Rotation matrix C1MO (O to C1):
1	4.00821e-09	-1.77776e-07
-4.00821e-09	1	7.2664e-09
1.77776e-07	-7.2664e-09	1
XYZ rotation is: [0.00437487, 0.419488, 0.00863194]
Rotation matrix C2MO (O to C2):
0.913264	-0.00684996	0.407311
0.00788343	0.999969	-0.000859049
-0.407293	0.00399555	0.913289
XYZ rotation is: [0.00437488, 0.419488, 0.00863194]
Rotation matrix R:
0.913264	-0.00684996	0.407312
0.00788343	0.999969	-0.000859055
-0.407293	0.00399556	0.913289
