XYZ rotation is: [-9.19165e-09, -7.39665e-09, -6.36432e-09]
Rotation matrix C1MO (O to C1):
1	6.36432e-09	-7.39665e-09
-6.36432e-09	1	9.19165e-09
7.39665e-09	-9.19165e-09	1
XYZ rotation is: [-0.0120378, -0.354111, -0.000771619]
Rotation matrix C2MO (O to C2):
0.937955	0.00494566	-0.346722
-0.000723744	0.999924	0.0123051
0.346757	-0.0112907	0.937887
XYZ rotation is: [-0.0120378, -0.354111, -0.000771612]
Rotation matrix R:
0.937955	0.00494565	-0.346722
-0.000723738	0.999924	0.0123051
0.346757	-0.0112907	0.937887
