XYZ rotation is: [-1.76716e-08, 2.08442e-08, -8.21149e-10]
Rotation matrix C1MO (O to C1):
1	8.21149e-10	2.08442e-08
-8.21149e-10	1	1.76716e-08
-2.08442e-08	-1.76716e-08	1
XYZ rotation is: [-0.00226836, 0.158085, 0.00111113]
Rotation matrix C2MO (O to C2):
0.98753	-0.00146822	0.157424
0.00109727	0.999996	0.00244328
-0.157427	-0.00224007	0.987528
XYZ rotation is: [-0.00226834, 0.158085, 0.00111113]
Rotation matrix R:
0.98753	-0.00146822	0.157424
0.00109727	0.999996	0.00244326
-0.157427	-0.00224005	0.987528
