XYZ rotation is: [-1.00014e-08, 1.32684e-09, 5.74783e-10]
Rotation matrix C1MO (O to C1):
1	-5.74783e-10	1.32684e-09
5.74783e-10	1	1.00014e-08
-1.32684e-09	-1.00014e-08	1
XYZ rotation is: [0.0283301, -0.0481029, 0.0109512]
Rotation matrix C2MO (O to C2):
0.998783	-0.0123086	-0.0477519
0.0109383	0.999524	-0.0288509
0.0480843	0.0282935	0.998442
XYZ rotation is: [0.0283301, -0.0481029, 0.0109512]
Rotation matrix R:
0.998783	-0.0123086	-0.0477519
0.0109383	0.999524	-0.0288509
0.0480843	0.0282935	0.998442
