XYZ rotation is: [-2.6297e-08, -9.74965e-08, 2.17767e-09]
Rotation matrix C1MO (O to C1):
1	-2.17767e-09	-9.74965e-08
2.17767e-09	1	2.6297e-08
9.74965e-08	-2.6297e-08	1
XYZ rotation is: [-0.0755615, 0.255609, -0.00475647]
Rotation matrix C2MO (O to C2):
0.967499	-0.0143433	0.25247
-0.00460191	0.997226	0.0742896
-0.252835	-0.073037	0.964749
XYZ rotation is: [-0.0755615, 0.255609, -0.00475648]
Rotation matrix R:
0.967499	-0.0143433	0.25247
-0.00460192	0.997226	0.0742896
-0.252835	-0.0730369	0.964749
