XYZ rotation is: [-2.033e-08, 8.85798e-08, -9.0005e-09]
Rotation matrix C1MO (O to C1):
1	9.0005e-09	8.85798e-08
-9.0005e-09	1	2.033e-08
-8.85798e-08	-2.033e-08	1
XYZ rotation is: [0.200064, 0.570503, 0.0473721]
Rotation matrix C2MO (O to C2):
0.840685	0.0607961	0.538101
0.0398549	0.984037	-0.173445
-0.540056	0.167259	0.824842
XYZ rotation is: [0.200064, 0.570503, 0.0473721]
Rotation matrix R:
0.840685	0.0607961	0.538101
0.0398548	0.984037	-0.173445
-0.540056	0.167259	0.824842
