XYZ rotation is: [4.9791e-08, 4.38451e-08, 8.3219e-09]
Rotation matrix C1MO (O to C1):
1	-8.3219e-09	4.38451e-08
8.3219e-09	1	-4.9791e-08
-4.38451e-08	4.9791e-08	1
XYZ rotation is: [-0.0214371, 0.21732, -0.0101496]
Rotation matrix C2MO (O to C2):
0.976428	0.00552554	0.21577
-0.00991069	0.999766	0.0192465
-0.215613	-0.0209313	0.976254
XYZ rotation is: [-0.0214372, 0.21732, -0.0101496]
Rotation matrix R:
0.976429	0.00552554	0.21577
-0.0099107	0.999766	0.0192466
-0.215613	-0.0209313	0.976254
