XYZ rotation is: [7.50027e-09, -4.99029e-08, -2.28723e-10]
Rotation matrix C1MO (O to C1):
1	2.28723e-10	-4.99029e-08
-2.28723e-10	1	-7.50027e-09
4.99029e-08	7.50027e-09	1
XYZ rotation is: [0.0169775, 0.430081, 0.00890895]
Rotation matrix C2MO (O to C2):
0.908896	-0.00182947	0.417019
0.00809752	0.999879	-0.0132621
-0.416945	0.0154307	0.908801
XYZ rotation is: [0.0169775, 0.430081, 0.00890895]
Rotation matrix R:
0.908896	-0.00182947	0.417019
0.00809752	0.999879	-0.0132621
-0.416945	0.0154307	0.908801
