XYZ rotation is: [2.59324e-09, -3.17254e-11, 5.65885e-09]
Rotation matrix C1MO (O to C1):
1	-5.65885e-09	-3.17254e-11
5.65885e-09	1	-2.59324e-09
3.17254e-11	2.59324e-09	1
XYZ rotation is: [0.00460338, 0.10163, -0.00234906]
Rotation matrix C2MO (O to C2):
0.994837	0.00281607	0.101443
-0.00233694	0.999986	-0.00484167
-0.101455	0.00457961	0.99483
XYZ rotation is: [0.00460337, 0.10163, -0.00234907]
Rotation matrix R:
0.994837	0.00281608	0.101443
-0.00233695	0.999986	-0.00484167
-0.101455	0.0045796	0.99483
