XYZ rotation is: [-4.87235e-08, -1.16855e-07, 2.49683e-09]
Rotation matrix C1MO (O to C1):
1	-2.49683e-09	-1.16855e-07
2.49683e-09	1	4.87235e-08
1.16855e-07	-4.87235e-08	1
XYZ rotation is: [0.027597, 0.405246, 0.00206755]
Rotation matrix C2MO (O to C2):
0.919003	0.00881179	0.394151
0.00190009	0.99964	-0.0267786
-0.394245	0.0253585	0.918656
XYZ rotation is: [0.027597, 0.405246, 0.00206756]
Rotation matrix R:
0.919003	0.00881181	0.394151
0.00190009	0.99964	-0.0267786
-0.394245	0.0253586	0.918655
