XYZ rotation is: [-4.51101e-08, -9.96566e-08, -1.72284e-08]
Rotation matrix C1MO (O to C1):
1	1.72284e-08	-9.96566e-08
-1.72284e-08	1	4.51101e-08
9.96566e-08	-4.51101e-08	1
XYZ rotation is: [0.0802263, 0.300364, -0.00543772]
Rotation matrix C2MO (O to C2):
0.955215	0.0291308	0.294476
-0.00519425	0.99664	-0.0817427
-0.295868	0.0765523	0.952157
XYZ rotation is: [0.0802263, 0.300364, -0.0054377]
Rotation matrix R:
0.955215	0.0291308	0.294476
-0.00519422	0.99664	-0.0817428
-0.295868	0.0765523	0.952157
