XYZ rotation is: [-1.00352e-08, -1.66889e-08, -3.12641e-09]
Rotation matrix C1MO (O to C1):
1	3.12641e-09	-1.66889e-08
-3.12641e-09	1	1.00352e-08
1.66889e-08	-1.00352e-08	1
XYZ rotation is: [-0.00159065, -0.00118608, -0.000975133]
Rotation matrix C2MO (O to C2):
0.999999	0.000977018	-0.00118452
-0.000975132	0.999998	0.0015918
0.00118607	-0.00159065	0.999998
XYZ rotation is: [-0.00159064, -0.00118606, -0.00097513]
Rotation matrix R:
0.999999	0.000977015	-0.0011845
-0.000975129	0.999998	0.00159179
0.00118606	-0.00159064	0.999998
