XYZ rotation is: [-2.20744e-08, -1.32733e-09, 1.55069e-10]
Rotation matrix C1MO (O to C1):
1	-1.55069e-10	-1.32733e-09
1.55069e-10	1	2.20744e-08
1.32733e-09	-2.20744e-08	1
XYZ rotation is: [0.00851098, 0.0353394, -0.0015215]
Rotation matrix C2MO (O to C2):
0.999374	0.00182215	0.0353178
-0.00152055	0.999962	-0.00856462
-0.0353321	0.00850556	0.999339
XYZ rotation is: [0.008511, 0.0353394, -0.0015215]
Rotation matrix R:
0.999374	0.00182215	0.0353178
-0.00152055	0.999962	-0.00856465
-0.0353321	0.00850559	0.999339
