XYZ rotation is: [-2.20539e-10, 1.24511e-08, -1.97028e-09]
Rotation matrix C1MO (O to C1):
1	1.97028e-09	1.24511e-08
-1.97028e-09	1	2.20539e-10
-1.24511e-08	-2.20539e-10	1
XYZ rotation is: [0.0047454, -0.432592, -0.00046311]
Rotation matrix C2MO (O to C2):
0.907882	-0.00152628	-0.419223
-0.000420449	0.99999	-0.00455123
0.419225	0.00430825	0.907872
XYZ rotation is: [0.0047454, -0.432592, -0.000463108]
Rotation matrix R:
0.907882	-0.00152628	-0.419223
-0.000420447	0.99999	-0.00455123
0.419225	0.00430824	0.907872
