XYZ rotation is: [-1.96954e-08, 1.41852e-08, 2.73593e-09]
Rotation matrix C1MO (O to C1):
1	-2.73593e-09	1.41852e-08
2.73593e-09	1	1.96954e-08
-1.41852e-08	-1.96954e-08	1
XYZ rotation is: [-0.0160699, 0.116355, 0.00184011]
Rotation matrix C2MO (O to C2):
0.993237	-0.0037054	0.116048
0.00182767	0.999866	0.0162828
-0.116093	-0.0159606	0.99311
XYZ rotation is: [-0.0160699, 0.116355, 0.00184011]
Rotation matrix R:
0.993237	-0.00370539	0.116048
0.00182767	0.999866	0.0162828
-0.116093	-0.0159606	0.99311
