XYZ rotation is: [2.59513e-09, 3.72437e-09, -1.5035e-09]
Rotation matrix C1MO (O to C1):
1	1.5035e-09	3.72437e-09
-1.5035e-09	1	-2.59513e-09
-3.72437e-09	2.59513e-09	1
XYZ rotation is: [0.00935158, 0.308199, 0.00233143]
Rotation matrix C2MO (O to C2):
0.952879	0.000505361	0.303351
0.00222158	0.99996	-0.00864422
-0.303343	0.00891081	0.95284
XYZ rotation is: [0.00935158, 0.308199, 0.00233143]
Rotation matrix R:
0.952879	0.000505359	0.303351
0.00222158	0.99996	-0.00864422
-0.303343	0.00891081	0.95284
