XYZ rotation is: [1.45746e-07, 2.2074e-07, -2.4434e-08]
Rotation matrix C1MO (O to C1):
1	2.4434e-08	2.2074e-07
-2.4434e-08	1	-1.45746e-07
-2.2074e-07	1.45746e-07	1
XYZ rotation is: [0.273729, 0.518315, 0.0656374]
Rotation matrix C2MO (O to C2):
0.866785	0.0704862	0.493676
0.0569754	0.96948	-0.238457
-0.495417	0.234818	0.836315
XYZ rotation is: [0.273729, 0.518315, 0.0656374]
Rotation matrix R:
0.866785	0.0704861	0.493676
0.0569753	0.96948	-0.238456
-0.495417	0.234818	0.836315
