XYZ rotation is: [-1.81848e-08, -2.92051e-09, 3.55981e-08]
Rotation matrix C1MO (O to C1):
1	-3.55981e-08	-2.92051e-09
3.55981e-08	1	1.81848e-08
2.92051e-09	-1.81848e-08	1
XYZ rotation is: [0.0279944, 0.867567, 0.0124375]
Rotation matrix C2MO (O to C2):
0.646634	0.00891621	0.762748
0.00804293	0.999796	-0.0185057
-0.762758	0.0181012	0.646431
XYZ rotation is: [0.0279944, 0.867567, 0.0124375]
Rotation matrix R:
0.646634	0.00891625	0.762748
0.0080429	0.999796	-0.0185058
-0.762758	0.0181012	0.646431
