XYZ rotation is: [-2.23765e-07, 1.71684e-07, -3.24983e-08]
Rotation matrix C1MO (O to C1):
1	3.24983e-08	1.71684e-07
-3.24983e-08	1	2.23765e-07
-1.71684e-07	-2.23765e-07	1
XYZ rotation is: [0.479243, 0.588752, 0.143688]
Rotation matrix C2MO (O to C2):
0.823064	0.126362	0.553713
0.119085	0.914867	-0.385795
-0.555323	0.383473	0.737946
XYZ rotation is: [0.479243, 0.588751, 0.143688]
Rotation matrix R:
0.823064	0.126362	0.553713
0.119085	0.914867	-0.385795
-0.555323	0.383473	0.737946
