XYZ rotation is: [4.13879e-08, 1.77982e-08, 2.82059e-09]
Rotation matrix C1MO (O to C1):
1	-2.82059e-09	1.77982e-08
2.82059e-09	1	-4.13879e-08
-1.77982e-08	4.13879e-08	1
XYZ rotation is: [0.00107805, -0.0173544, -0.00309501]
Rotation matrix C2MO (O to C2):
0.999845	0.00307629	-0.0173568
-0.00309454	0.999995	-0.00102433
0.0173536	0.00107788	0.999849
XYZ rotation is: [0.001078, -0.0173545, -0.00309501]
Rotation matrix R:
0.999845	0.0030763	-0.0173568
-0.00309454	0.999995	-0.00102429
0.0173536	0.00107784	0.999849
