XYZ rotation is: [5.76976e-08, 8.55038e-08, -1.9599e-08]
Rotation matrix C1MO (O to C1):
1	1.9599e-08	8.55038e-08
-1.9599e-08	1	-5.76976e-08
-8.55038e-08	5.76976e-08	1
XYZ rotation is: [-0.0679267, -0.0878752, 0.0301395]
Rotation matrix C2MO (O to C2):
0.995689	-0.0241113	-0.0895654
0.0300186	0.99742	0.0652051
0.0877621	-0.0676126	0.993844
XYZ rotation is: [-0.0679268, -0.0878753, 0.0301395]
Rotation matrix R:
0.995689	-0.0241113	-0.0895655
0.0300186	0.99742	0.0652051
0.0877622	-0.0676127	0.993844
