XYZ rotation is: [-2.58503e-08, 1.10082e-08, 4.68641e-09]
Rotation matrix C1MO (O to C1):
1	-4.68641e-09	1.10082e-08
4.68641e-09	1	2.58503e-08
-1.10082e-08	-2.58503e-08	1
XYZ rotation is: [-0.110136, 0.697968, -0.0333265]
Rotation matrix C2MO (O to C2):
0.765724	-0.0374795	0.642076
-0.0255284	0.995743	0.0885683
-0.642663	-0.0842101	0.761507
XYZ rotation is: [-0.110136, 0.697968, -0.0333265]
Rotation matrix R:
0.765724	-0.0374795	0.642076
-0.0255284	0.995743	0.0885683
-0.642663	-0.08421	0.761507
