XYZ rotation is: [1.66956e-08, -1.17475e-07, 1.26331e-08]
Rotation matrix C1MO (O to C1):
1	-1.26331e-08	-1.17475e-07
1.26331e-08	1	-1.66956e-08
1.17475e-07	1.66956e-08	1
XYZ rotation is: [-0.0192657, 0.162825, -0.00721056]
Rotation matrix C2MO (O to C2):
0.986748	0.00408633	0.162212
-0.00711513	0.999811	0.0180954
-0.162107	-0.0190097	0.98659
XYZ rotation is: [-0.0192657, 0.162826, -0.00721058]
Rotation matrix R:
0.986748	0.00408634	0.162212
-0.00711514	0.999811	0.0180954
-0.162107	-0.0190097	0.98659
