XYZ rotation is: [2.5491e-08, -1.64323e-08, 1.1639e-08]
Rotation matrix C1MO (O to C1):
1	-1.1639e-08	-1.64323e-08
1.1639e-08	1	-2.5491e-08
1.64323e-08	2.5491e-08	1
XYZ rotation is: [-0.0319653, 0.688887, -0.0200954]
Rotation matrix C2MO (O to C2):
0.771798	-0.000228307	0.635868
-0.0155117	0.999696	0.0191866
-0.635679	-0.0246716	0.771559
XYZ rotation is: [-0.0319654, 0.688887, -0.0200955]
Rotation matrix R:
0.771798	-0.000228314	0.635868
-0.0155117	0.999696	0.0191866
-0.635679	-0.0246716	0.771559
