XYZ rotation is: [-4.82055e-09, 8.08966e-09, -5.21214e-09]
Rotation matrix C1MO (O to C1):
1	5.21214e-09	8.08966e-09
-5.21214e-09	1	4.82055e-09
-8.08966e-09	-4.82055e-09	1
XYZ rotation is: [-1.96209e-05, -0.122443, -0.00167631]
Rotation matrix C2MO (O to C2):
0.992512	0.00167871	-0.122137
-0.00166376	0.999999	0.000224361
0.122137	-1.9474e-05	0.992513
XYZ rotation is: [-1.96167e-05, -0.122443, -0.00167631]
Rotation matrix R:
0.992512	0.0016787	-0.122137
-0.00166376	0.999999	0.000224356
0.122137	-1.94699e-05	0.992513
