XYZ rotation is: [1.26453e-09, 4.38619e-09, 2.64811e-10]
Rotation matrix C1MO (O to C1):
1	-2.64811e-10	4.38619e-09
2.64811e-10	1	-1.26453e-09
-4.38619e-09	1.26453e-09	1
XYZ rotation is: [-0.00321155, -0.19652, -0.00336009]
Rotation matrix C2MO (O to C2):
0.980747	0.00398714	-0.195244
-0.00329541	0.999987	0.0038676
0.195257	-0.00314973	0.980747
XYZ rotation is: [-0.00321155, -0.19652, -0.00336009]
Rotation matrix R:
0.980747	0.00398714	-0.195244
-0.00329541	0.999987	0.0038676
0.195257	-0.00314973	0.980747
