XYZ rotation is: [5.58904e-09, -1.89327e-08, -1.71691e-08]
Rotation matrix C1MO (O to C1):
1	1.71691e-08	-1.89327e-08
-1.71691e-08	1	-5.58904e-09
1.89327e-08	5.58904e-09	1
XYZ rotation is: [0.0457531, -0.073321, 0.0125434]
Rotation matrix C2MO (O to C2):
0.997235	-0.0158802	-0.0725992
0.0125094	0.998833	-0.0466514
0.0732553	0.0456143	0.99627
XYZ rotation is: [0.0457531, -0.073321, 0.0125434]
Rotation matrix R:
0.997235	-0.0158802	-0.0725992
0.0125094	0.998833	-0.0466514
0.0732553	0.0456142	0.99627
