XYZ rotation is: [-3.26259e-08, 6.0859e-08, 3.40785e-09]
Rotation matrix C1MO (O to C1):
1	-3.40785e-09	6.0859e-08
3.40785e-09	1	3.26259e-08
-6.0859e-08	-3.26259e-08	1
XYZ rotation is: [0.0891616, 0.145881, 0.00844029]
Rotation matrix C2MO (O to C2):
0.989343	0.00453663	0.145533
0.00835054	0.996102	-0.0878183
-0.145364	0.0880977	0.985448
XYZ rotation is: [0.0891616, 0.145881, 0.00844028]
Rotation matrix R:
0.989343	0.00453664	0.145533
0.00835053	0.996102	-0.0878183
-0.145364	0.0880977	0.985448
