XYZ rotation is: [-2.413e-08, -4.64832e-09, -1.00885e-08]
Rotation matrix C1MO (O to C1):
1	1.00885e-08	-4.64832e-09
-1.00885e-08	1	2.413e-08
4.64832e-09	-2.413e-08	1
XYZ rotation is: [-0.0544175, 0.0753966, 0.00219535]
Rotation matrix C2MO (O to C2):
0.997157	-0.00628907	0.0750941
0.00218911	0.998508	0.0545556
-0.0753252	-0.0542361	0.995683
XYZ rotation is: [-0.0544174, 0.0753966, 0.00219536]
Rotation matrix R:
0.997157	-0.00628908	0.0750941
0.00218912	0.998508	0.0545556
-0.0753252	-0.0542361	0.995683
