XYZ rotation is: [-9.28488e-09, -3.96184e-08, -1.28885e-10]
Rotation matrix C1MO (O to C1):
1	1.28885e-10	-3.96184e-08
-1.28885e-10	1	9.28488e-09
3.96184e-08	-9.28488e-09	1
XYZ rotation is: [0.00696127, -0.215719, -0.00149722]
Rotation matrix C2MO (O to C2):
0.976822	7.13862e-06	-0.214055
-0.00146252	0.999977	-0.00664074
0.21405	0.00679987	0.976799
XYZ rotation is: [0.00696128, -0.215719, -0.00149722]
Rotation matrix R:
0.976822	7.13651e-06	-0.214055
-0.00146252	0.999977	-0.00664075
0.21405	0.00679988	0.976799
