XYZ rotation is: [-2.31444e-08, 2.34171e-08, 2.17107e-09]
Rotation matrix C1MO (O to C1):
1	-2.17107e-09	2.34171e-08
2.17107e-09	1	2.31444e-08
-2.34171e-08	-2.31444e-08	1
XYZ rotation is: [0.0252372, 0.352967, -0.00214524]
Rotation matrix C2MO (O to C2):
0.938349	0.0108677	0.345518
-0.00201298	0.999661	-0.0259758
-0.345683	0.0236788	0.938052
XYZ rotation is: [0.0252372, 0.352967, -0.00214524]
Rotation matrix R:
0.938349	0.0108677	0.345518
-0.00201299	0.999661	-0.0259758
-0.345683	0.0236788	0.938052
