XYZ rotation is: [-1.95431e-08, 2.58556e-08, 1.52142e-09]
Rotation matrix C1MO (O to C1):
1	-1.52142e-09	2.58556e-08
1.52142e-09	1	1.95431e-08
-2.58556e-08	-1.95431e-08	1
XYZ rotation is: [0.0792371, 0.10374, -0.000215846]
Rotation matrix C2MO (O to C2):
0.994624	0.00841189	0.103212
-0.000214686	0.996861	-0.0791765
-0.103554	0.0787286	0.991503
XYZ rotation is: [0.0792371, 0.10374, -0.00021585]
Rotation matrix R:
0.994624	0.00841189	0.103212
-0.00021469	0.996861	-0.0791765
-0.103554	0.0787287	0.991503
