XYZ rotation is: [3.43532e-09, 3.07516e-08, -7.62833e-09]
Rotation matrix C1MO (O to C1):
1	7.62833e-09	3.07516e-08
-7.62833e-09	1	-3.43532e-09
-3.07516e-08	3.43532e-09	1
XYZ rotation is: [0.0123513, 0.213135, 0.00467574]
Rotation matrix C2MO (O to C2):
0.977362	-0.00206284	0.211565
0.00456992	0.999925	-0.0113619
-0.211525	0.0120715	0.977298
XYZ rotation is: [0.0123513, 0.213135, 0.00467575]
Rotation matrix R:
0.977362	-0.00206285	0.211565
0.00456993	0.999925	-0.0113619
-0.211525	0.0120715	0.977298
