XYZ rotation is: [2.16107e-08, 6.17501e-08, -1.29537e-09]
Rotation matrix C1MO (O to C1):
1	1.29537e-09	6.17501e-08
-1.29537e-09	1	-2.16107e-08
-6.17501e-08	2.16107e-08	1
XYZ rotation is: [0.060549, -0.0887381, -0.011803]
Rotation matrix C2MO (O to C2):
0.995996	0.00641879	-0.0891673
-0.0117563	0.998161	-0.0594637
0.0886217	0.0602739	0.99424
XYZ rotation is: [0.060549, -0.0887382, -0.011803]
Rotation matrix R:
0.995996	0.00641879	-0.0891674
-0.0117563	0.998161	-0.0594637
0.0886218	0.0602739	0.99424
