XYZ rotation is: [1.6223e-07, 1.53818e-07, 7.4202e-08]
Rotation matrix C1MO (O to C1):
1	-7.4202e-08	1.53818e-07
7.4202e-08	1	-1.6223e-07
-1.53818e-07	1.6223e-07	1
XYZ rotation is: [-0.045618, 0.274431, -0.00968242]
Rotation matrix C2MO (O to C2):
0.962534	-0.00268538	0.271146
-0.00931996	0.999033	0.0429789
-0.270999	-0.0438957	0.961578
XYZ rotation is: [-0.0456182, 0.274431, -0.00968249]
Rotation matrix R:
0.962534	-0.00268535	0.271146
-0.00932002	0.999033	0.042979
-0.270999	-0.0438959	0.961578
