XYZ rotation is: [1.35366e-08, 2.22034e-08, 5.33851e-09]
Rotation matrix C1MO (O to C1):
1	-5.33851e-09	2.22034e-08
5.33851e-09	1	-1.35366e-08
-2.22034e-08	1.35366e-08	1
XYZ rotation is: [-0.0210804, -0.0159633, 0.00397505]
Rotation matrix C2MO (O to C2):
0.999865	-0.00363769	-0.0160427
0.00397453	0.999771	0.0210153
0.0159626	-0.0210762	0.99965
XYZ rotation is: [-0.0210805, -0.0159633, 0.00397505]
Rotation matrix R:
0.999865	-0.00363768	-0.0160427
0.00397453	0.999771	0.0210153
0.0159626	-0.0210762	0.99965
