XYZ rotation is: [9.54596e-09, -1.35101e-08, 3.56616e-09]
Rotation matrix C1MO (O to C1):
1	-3.56616e-09	-1.35101e-08
3.56616e-09	1	-9.54596e-09
1.35101e-08	9.54596e-09	1
XYZ rotation is: [-0.0150753, -0.0410907, 0.00032236]
Rotation matrix C2MO (O to C2):
0.999156	0.000296934	-0.0410793
0.000322088	0.999887	0.0150615
0.0410791	-0.015062	0.999042
XYZ rotation is: [-0.0150753, -0.0410906, 0.000322356]
Rotation matrix R:
0.999156	0.000296937	-0.0410793
0.000322084	0.999887	0.0150615
0.0410791	-0.015062	0.999042
