XYZ rotation is: [3.31882e-08, 1.36025e-08, -6.52178e-09]
Rotation matrix C1MO (O to C1):
1	6.52178e-09	1.36025e-08
-6.52178e-09	1	-3.31882e-08
-1.36025e-08	3.31882e-08	1
XYZ rotation is: [-0.0288554, -0.21389, 0.0195106]
Rotation matrix C2MO (O to C2):
0.977027	-0.0133783	-0.212697
0.0190648	0.999513	0.0247065
0.212263	-0.0281939	0.976806
XYZ rotation is: [-0.0288554, -0.21389, 0.0195106]
Rotation matrix R:
0.977027	-0.0133783	-0.212697
0.0190648	0.999513	0.0247065
0.212263	-0.0281939	0.976806
