XYZ rotation is: [-4.11514e-09, -5.87516e-09, -1.47446e-08]
Rotation matrix C1MO (O to C1):
1	1.47446e-08	-5.87516e-09
-1.47446e-08	1	4.11514e-09
5.87516e-09	-4.11514e-09	1
XYZ rotation is: [-0.019912, -0.529704, -0.000193595]
Rotation matrix C2MO (O to C2):
0.862957	0.010254	-0.505174
-0.000167064	0.9998	0.0200085
0.505278	-0.0171821	0.862786
XYZ rotation is: [-0.019912, -0.529704, -0.000193578]
Rotation matrix R:
0.862957	0.010254	-0.505174
-0.00016705	0.9998	0.0200085
0.505278	-0.0171821	0.862786
