XYZ rotation is: [-4.39041e-10, -1.09123e-08, 1.74872e-10]
Rotation matrix C1MO (O to C1):
1	-1.74872e-10	-1.09123e-08
1.74872e-10	1	4.39041e-10
1.09123e-08	-4.39041e-10	1
XYZ rotation is: [-0.0030652, 0.121279, -0.00202478]
Rotation matrix C2MO (O to C2):
0.992653	0.00165394	0.120987
-0.00200991	0.999994	0.00282022
-0.120982	-0.00304268	0.99265
XYZ rotation is: [-0.0030652, 0.121279, -0.00202478]
Rotation matrix R:
0.992653	0.00165394	0.120987
-0.00200991	0.999994	0.00282022
-0.120982	-0.00304268	0.99265
