XYZ rotation is: [-6.64016e-10, -2.19285e-08, 6.6423e-10]
Rotation matrix C1MO (O to C1):
1	-6.6423e-10	-2.19285e-08
6.6423e-10	1	6.64016e-10
2.19285e-08	-6.64016e-10	1
XYZ rotation is: [-0.00443828, 0.0525275, -0.0020053]
Rotation matrix C2MO (O to C2):
0.998619	0.00177226	0.0525116
-0.00200253	0.999989	0.00433297
-0.0525033	-0.00443214	0.998611
XYZ rotation is: [-0.00443828, 0.0525275, -0.0020053]
Rotation matrix R:
0.998619	0.00177226	0.0525116
-0.00200253	0.999989	0.00433297
-0.0525033	-0.00443214	0.998611
