XYZ rotation is: [-3.01002e-09, -2.85872e-08, -1.10551e-09]
Rotation matrix C1MO (O to C1):
1	1.10551e-09	-2.85872e-08
-1.10551e-09	1	3.01002e-09
2.85872e-08	-3.01002e-09	1
XYZ rotation is: [0.027759, 1.11935, 0.0220197]
Rotation matrix C2MO (O to C2):
0.436157	0.00295938	0.899866
0.00960559	0.999922	-0.00794418
-0.899819	0.0121087	0.436095
XYZ rotation is: [0.027759, 1.11935, 0.0220197]
Rotation matrix R:
0.436157	0.00295938	0.899866
0.00960559	0.999922	-0.00794418
-0.899819	0.0121087	0.436095
