XYZ rotation is: [4.23958e-09, 3.14423e-09, 9.25979e-09]
Rotation matrix C1MO (O to C1):
1	-9.25979e-09	3.14423e-09
9.25979e-09	1	-4.23958e-09
-3.14423e-09	4.23958e-09	1
XYZ rotation is: [-0.0113115, -0.27197, -0.000339161]
Rotation matrix C2MO (O to C2):
0.963244	0.00337768	-0.268608
-0.000326695	0.999935	0.0114024
0.268629	-0.0108955	0.963182
XYZ rotation is: [-0.0113115, -0.27197, -0.000339171]
Rotation matrix R:
0.963244	0.00337769	-0.268608
-0.000326704	0.999935	0.0114024
0.268629	-0.0108955	0.963182
