XYZ rotation is: [-8.66114e-09, -1.15942e-09, -5.20302e-09]
Rotation matrix C1MO (O to C1):
1	5.20302e-09	-1.15942e-09
-5.20302e-09	1	8.66114e-09
1.15942e-09	-8.66114e-09	1
XYZ rotation is: [0.0478811, 1.19665, 0.0501275]
Rotation matrix C2MO (O to C2):
0.365017	-0.00555333	0.930984
0.0183127	0.999832	-0.00121599
-0.930821	0.0174927	0.365057
XYZ rotation is: [0.0478812, 1.19665, 0.0501275]
Rotation matrix R:
0.365017	-0.00555333	0.930984
0.0183127	0.999832	-0.001216
-0.930821	0.0174927	0.365057
