XYZ rotation is: [1.52068e-08, 7.28055e-10, 2.16416e-09]
Rotation matrix C1MO (O to C1):
1	-2.16416e-09	7.28055e-10
2.16416e-09	1	-1.52068e-08
-7.28055e-10	1.52068e-08	1
XYZ rotation is: [-0.00923273, -0.256033, 0.00294101]
Rotation matrix C2MO (O to C2):
0.967398	-0.000602775	-0.253261
0.00284513	0.99996	0.0084878
0.253245	-0.00893164	0.967361
XYZ rotation is: [-0.00923275, -0.256033, 0.00294101]
Rotation matrix R:
0.967398	-0.000602769	-0.253261
0.00284513	0.99996	0.00848781
0.253245	-0.00893165	0.967361
