XYZ rotation is: [2.14783e-08, -1.20494e-09, 1.97037e-09]
Rotation matrix C1MO (O to C1):
1	-1.97037e-09	-1.20494e-09
1.97037e-09	1	-2.14783e-08
1.20494e-09	2.14783e-08	1
XYZ rotation is: [-0.0424696, -0.0503318, 0.00618258]
Rotation matrix C2MO (O to C2):
0.998715	-0.00404098	-0.0505267
0.00617471	0.999092	0.0421453
0.0503106	-0.0424031	0.997833
XYZ rotation is: [-0.0424696, -0.0503318, 0.00618258]
Rotation matrix R:
0.998715	-0.00404097	-0.0505267
0.00617471	0.999092	0.0421453
0.0503106	-0.0424031	0.997833
