XYZ rotation is: [1.53443e-07, 3.04173e-07, 3.50218e-08]
Rotation matrix C1MO (O to C1):
1	-3.50218e-08	3.04173e-07
3.50218e-08	1	-1.53443e-07
-3.04173e-07	1.53443e-07	1
XYZ rotation is: [0.0849944, 0.168534, 0.0438885]
Rotation matrix C2MO (O to C2):
0.984883	-0.0294902	0.170695
0.0432528	0.996055	-0.0774776
-0.167737	0.0836894	0.982273
XYZ rotation is: [0.0849943, 0.168533, 0.0438884]
Rotation matrix R:
0.984883	-0.0294902	0.170695
0.0432527	0.996055	-0.0774775
-0.167737	0.0836892	0.982273
