XYZ rotation is: [2.98311e-10, -7.04939e-08, -4.86886e-09]
Rotation matrix C1MO (O to C1):
1	4.86886e-09	-7.04939e-08
-4.86886e-09	1	-2.98311e-10
7.04939e-08	2.98311e-10	1
XYZ rotation is: [0.0147926, 0.147698, 0.0127504]
Rotation matrix C2MO (O to C2):
0.989032	-0.010572	0.147322
0.0126113	0.999837	-0.0129148
-0.147161	0.014631	0.989004
XYZ rotation is: [0.0147926, 0.147698, 0.0127504]
Rotation matrix R:
0.989032	-0.010572	0.147322
0.0126113	0.999837	-0.0129148
-0.147161	0.0146311	0.989004
