XYZ rotation is: [1.07612e-07, 2.83975e-08, 1.42683e-09]
Rotation matrix C1MO (O to C1):
1	-1.42683e-09	2.83975e-08
1.42683e-09	1	-1.07612e-07
-2.83975e-08	1.07612e-07	1
XYZ rotation is: [-0.105996, 0.428825, -0.00282294]
Rotation matrix C2MO (O to C2):
0.909451	-0.0411835	0.413766
-0.00256733	0.994508	0.10463
-0.415802	-0.0962179	0.904351
XYZ rotation is: [-0.105996, 0.428825, -0.00282294]
Rotation matrix R:
0.909451	-0.0411835	0.413766
-0.00256733	0.994508	0.10463
-0.415802	-0.096218	0.904351
