XYZ rotation is: [1.07685e-08, 5.01756e-07, 3.71833e-08]
Rotation matrix C1MO (O to C1):
1	-3.71833e-08	5.01756e-07
3.71833e-08	1	-1.07685e-08
-5.01756e-07	1.07685e-08	1
XYZ rotation is: [0.229355, -0.637818, -0.120826]
Rotation matrix C2MO (O to C2):
0.79754	-0.0170104	-0.603026
-0.0968355	0.983031	-0.155801
0.595444	0.182652	0.782359
XYZ rotation is: [0.229355, -0.637818, -0.120827]
Rotation matrix R:
0.79754	-0.0170103	-0.603027
-0.0968357	0.983031	-0.155801
0.595444	0.182652	0.782359
