XYZ rotation is: [-3.20903e-08, 2.74858e-07, -3.23762e-08]
Rotation matrix C1MO (O to C1):
1	3.23762e-08	2.74858e-07
-3.23762e-08	1	3.20903e-08
-2.74858e-07	-3.20903e-08	1
XYZ rotation is: [-0.0693091, -0.55059, 0.0109305]
Rotation matrix C2MO (O to C2):
0.852165	0.0253266	-0.522659
0.00931495	0.997936	0.0635446
0.52319	-0.0590191	0.85017
XYZ rotation is: [-0.0693091, -0.55059, 0.0109305]
Rotation matrix R:
0.852165	0.0253266	-0.52266
0.009315	0.997936	0.0635446
0.52319	-0.0590191	0.85017
