XYZ rotation is: [-8.07246e-08, 1.28425e-08, 1.12899e-08]
Rotation matrix C1MO (O to C1):
1	-1.12899e-08	1.28425e-08
1.12899e-08	1	8.07246e-08
-1.28425e-08	-8.07246e-08	1
XYZ rotation is: [-0.00428464, -0.251375, 0.00420428]
Rotation matrix C2MO (O to C2):
0.968563	-0.0031385	-0.248749
0.00407214	0.999986	0.00323885
0.248736	-0.00414997	0.968563
XYZ rotation is: [-0.00428456, -0.251375, 0.00420427]
Rotation matrix R:
0.968563	-0.00313851	-0.248749
0.00407213	0.999986	0.00323877
0.248736	-0.00414989	0.968563
