XYZ rotation is: [4.00749e-08, -1.72282e-07, 2.13416e-08]
Rotation matrix C1MO (O to C1):
1	-2.13416e-08	-1.72282e-07
2.13416e-08	1	-4.00749e-08
1.72282e-07	4.00749e-08	1
XYZ rotation is: [-0.0190125, -0.434647, 0.00933846]
Rotation matrix C2MO (O to C2):
0.906979	-0.0013315	-0.421173
0.00847003	0.99985	0.0150789
0.42109	-0.0172436	0.906855
XYZ rotation is: [-0.0190125, -0.434647, 0.00933843]
Rotation matrix R:
0.906979	-0.00133146	-0.421173
0.00847001	0.99985	0.015079
0.42109	-0.0172437	0.906855
