XYZ rotation is: [3.0075e-09, 1.15888e-08, -1.07727e-08]
Rotation matrix C1MO (O to C1):
1	1.07727e-08	1.15888e-08
-1.07727e-08	1	-3.0075e-09
-1.15888e-08	3.0075e-09	1
XYZ rotation is: [0.0030475, 0.231034, -0.000393088]
Rotation matrix C2MO (O to C2):
0.97343	0.00109091	0.228982
-0.000382644	0.999995	-0.00313751
-0.228984	0.00296653	0.973426
XYZ rotation is: [0.0030475, 0.231034, -0.000393077]
Rotation matrix R:
0.97343	0.0010909	0.228982
-0.000382633	0.999995	-0.00313751
-0.228984	0.00296653	0.973426
