XYZ rotation is: [5.05695e-08, -3.50332e-08, 4.19428e-09]
Rotation matrix C1MO (O to C1):
1	-4.19428e-09	-3.50332e-08
4.19428e-09	1	-5.05695e-08
3.50332e-08	5.05695e-08	1
XYZ rotation is: [0.246369, 0.0642535, 0.0137737]
Rotation matrix C2MO (O to C2):
0.997842	0.00230077	0.0656236
0.0137448	0.969928	-0.243003
-0.0642093	0.243381	0.967803
XYZ rotation is: [0.246369, 0.0642535, 0.0137737]
Rotation matrix R:
0.997842	0.00230077	0.0656237
0.0137448	0.969928	-0.243003
-0.0642093	0.243381	0.967803
