XYZ rotation is: [-6.25834e-09, -2.98361e-09, -6.86151e-10]
Rotation matrix C1MO (O to C1):
1	6.86151e-10	-2.98361e-09
-6.86151e-10	1	6.25834e-09
2.98361e-09	-6.25834e-09	1
XYZ rotation is: [0.202668, 0.877978, 0.211591]
Rotation matrix C2MO (O to C2):
0.624464	-0.054294	0.779164
0.134139	0.990214	-0.0385053
-0.769449	0.128561	0.625636
XYZ rotation is: [0.202668, 0.877978, 0.211591]
Rotation matrix R:
0.624464	-0.054294	0.779164
0.134139	0.990214	-0.0385053
-0.769449	0.128561	0.625636
