XYZ rotation is: [2.03912e-08, -9.49112e-09, -8.90947e-09]
Rotation matrix C1MO (O to C1):
1	8.90947e-09	-9.49112e-09
-8.90947e-09	1	-2.03912e-08
9.49112e-09	2.03912e-08	1
XYZ rotation is: [0.00202234, 0.136949, -0.00354993]
Rotation matrix C2MO (O to C2):
0.990631	0.003826	0.136513
-0.00351668	0.999991	-0.00250696
-0.136521	0.0020034	0.990635
XYZ rotation is: [0.00202232, 0.136949, -0.00354992]
Rotation matrix R:
0.990631	0.00382599	0.136513
-0.00351667	0.999991	-0.00250694
-0.136521	0.00200338	0.990635
