XYZ rotation is: [3.12129e-09, 8.67786e-09, -1.24172e-09]
Rotation matrix C1MO (O to C1):
1	1.24172e-09	8.67786e-09
-1.24172e-09	1	-3.12129e-09
-8.67786e-09	3.12129e-09	1
XYZ rotation is: [0.00156009, -0.0350983, -0.00115657]
Rotation matrix C2MO (O to C2):
0.999383	0.00110182	-0.0350928
-0.00115586	0.999998	-0.00151951
0.0350911	0.00155913	0.999383
XYZ rotation is: [0.00156009, -0.0350983, -0.00115657]
Rotation matrix R:
0.999383	0.00110182	-0.0350928
-0.00115586	0.999998	-0.0015195
0.0350911	0.00155913	0.999383
