XYZ rotation is: [-2.03455e-09, -1.36448e-09, -2.16606e-10]
Rotation matrix C1MO (O to C1):
1	2.16606e-10	-1.36448e-09
-2.16606e-10	1	2.03455e-09
1.36448e-09	-2.03455e-09	1
XYZ rotation is: [0.0124041, 0.544876, 0.00573224]
Rotation matrix C2MO (O to C2):
0.855178	0.000697132	0.518334
0.00490214	0.999943	-0.0094327
-0.518312	0.0106076	0.855126
XYZ rotation is: [0.0124041, 0.544876, 0.00573224]
Rotation matrix R:
0.855178	0.000697132	0.518334
0.00490214	0.999943	-0.0094327
-0.518312	0.0106076	0.855126
