XYZ rotation is: [1.99519e-09, -7.74905e-09, -2.91147e-09]
Rotation matrix C1MO (O to C1):
1	2.91147e-09	-7.74905e-09
-2.91147e-09	1	-1.99519e-09
7.74905e-09	1.99519e-09	1
XYZ rotation is: [0.0593017, -0.0197667, -0.0688045]
Rotation matrix C2MO (O to C2):
0.997439	0.0674607	-0.0237586
-0.0687368	0.995961	-0.0577702
0.0197654	0.0592553	0.998047
XYZ rotation is: [0.0593017, -0.0197667, -0.0688045]
Rotation matrix R:
0.997439	0.0674607	-0.0237586
-0.0687368	0.995961	-0.0577702
0.0197654	0.0592553	0.998047
