XYZ rotation is: [-1.22186e-09, 3.6006e-09, 2.1396e-09]
Rotation matrix C1MO (O to C1):
1	-2.1396e-09	3.6006e-09
2.1396e-09	1	1.22186e-09
-3.6006e-09	-1.22186e-09	1
XYZ rotation is: [0.0342115, -0.360156, 0.00560258]
Rotation matrix C2MO (O to C2):
0.935827	-0.0176536	-0.352017
0.0052431	0.999332	-0.0361776
0.35242	0.0320103	0.935294
XYZ rotation is: [0.0342115, -0.360156, 0.00560257]
Rotation matrix R:
0.935827	-0.0176535	-0.352017
0.00524309	0.999332	-0.0361776
0.35242	0.0320103	0.935294
