XYZ rotation is: [-2.45469e-08, -2.20452e-08, -9.21214e-10]
Rotation matrix C1MO (O to C1):
1	9.21214e-10	-2.20452e-08
-9.21214e-10	1	2.45469e-08
2.20452e-08	-2.45469e-08	1
XYZ rotation is: [0.0347231, -0.0457582, -0.011297]
Rotation matrix C2MO (O to C2):
0.99889	0.00970206	-0.0461039
-0.0112849	0.999351	-0.0341975
0.0457422	0.0346798	0.998351
XYZ rotation is: [0.0347232, -0.0457582, -0.011297]
Rotation matrix R:
0.99889	0.00970206	-0.0461039
-0.0112849	0.999351	-0.0341975
0.0457422	0.0346798	0.998351
