XYZ rotation is: [1.57605e-08, -3.22104e-08, -7.35781e-09]
Rotation matrix C1MO (O to C1):
1	7.35781e-09	-3.22104e-08
-7.35781e-09	1	-1.57605e-08
3.22104e-08	1.57605e-08	1
XYZ rotation is: [-0.0216652, -0.256815, 0.0142167]
Rotation matrix C2MO (O to C2):
0.967106	-0.00871085	-0.254224
0.0137499	0.999743	0.0180512
0.254001	-0.020953	0.966977
XYZ rotation is: [-0.0216652, -0.256814, 0.0142167]
Rotation matrix R:
0.967106	-0.00871085	-0.254224
0.0137499	0.999743	0.0180513
0.254001	-0.0209531	0.966977
