XYZ rotation is: [-6.01831e-08, -1.82487e-09, 1.03963e-08]
Rotation matrix C1MO (O to C1):
1	-1.03963e-08	-1.82487e-09
1.03963e-08	1	6.01831e-08
1.82487e-09	-6.01831e-08	1
XYZ rotation is: [0.351946, -0.27837, -0.0706138]
Rotation matrix C2MO (O to C2):
0.959109	-0.0282599	-0.281624
-0.0678391	0.943048	-0.325666
0.274789	0.331454	0.902568
XYZ rotation is: [0.351946, -0.27837, -0.0706138]
Rotation matrix R:
0.959109	-0.02826	-0.281624
-0.0678391	0.943048	-0.325666
0.274789	0.331454	0.902568
