XYZ rotation is: [7.9647e-10, -3.9908e-09, -1.1109e-09]
Rotation matrix C1MO (O to C1):
1	1.1109e-09	-3.9908e-09
-1.1109e-09	1	-7.9647e-10
3.9908e-09	7.9647e-10	1
XYZ rotation is: [-0.000135872, 0.0677847, 0.000746295]
Rotation matrix C2MO (O to C2):
0.997703	-0.000755498	0.0677327
0.000744581	1	0.000186421
-0.0677328	-0.00013556	0.997703
XYZ rotation is: [-0.000135873, 0.0677847, 0.000746296]
Rotation matrix R:
0.997703	-0.000755499	0.0677327
0.000744582	1	0.000186422
-0.0677328	-0.000135561	0.997703
