XYZ rotation is: [-8.95034e-09, -1.99014e-08, 7.92445e-09]
Rotation matrix C1MO (O to C1):
1	-7.92445e-09	-1.99014e-08
7.92445e-09	1	8.95034e-09
1.99014e-08	-8.95034e-09	1
XYZ rotation is: [0.000346391, 0.122921, -0.0035071]
Rotation matrix C2MO (O to C2):
0.992449	0.00354956	0.12261
-0.00348063	0.999994	-0.000776399
-0.122612	0.000343777	0.992455
XYZ rotation is: [0.000346399, 0.122921, -0.00350711]
Rotation matrix R:
0.992449	0.00354957	0.12261
-0.00348064	0.999994	-0.000776408
-0.122612	0.000343785	0.992455
