XYZ rotation is: [2.01017e-10, 4.51222e-09, 9.46471e-09]
Rotation matrix C1MO (O to C1):
1	-9.46471e-09	4.51222e-09
9.46471e-09	1	-2.01017e-10
-4.51222e-09	2.01017e-10	1
XYZ rotation is: [-0.0342228, -0.563443, -0.00878504]
Rotation matrix C2MO (O to C2):
0.845389	0.0270539	-0.533466
-0.00742697	0.999215	0.0389041
0.5341	-0.028927	0.844926
XYZ rotation is: [-0.0342228, -0.563443, -0.00878505]
Rotation matrix R:
0.845389	0.0270539	-0.533466
-0.00742698	0.999215	0.0389041
0.5341	-0.028927	0.844926
