XYZ rotation is: [1.72566e-08, -3.66964e-08, -2.92258e-10]
Rotation matrix C1MO (O to C1):
1	2.92258e-10	-3.66964e-08
-2.92258e-10	1	-1.72566e-08
3.66964e-08	1.72566e-08	1
XYZ rotation is: [0.198526, 0.71318, 0.159696]
Rotation matrix C2MO (O to C2):
0.746662	-0.0285039	0.664593
0.120263	0.988402	-0.0927222
-0.654242	0.149158	0.741431
XYZ rotation is: [0.198526, 0.71318, 0.159696]
Rotation matrix R:
0.746662	-0.0285039	0.664593
0.120263	0.988402	-0.0927221
-0.654242	0.149158	0.741431
