XYZ rotation is: [8.46027e-08, -6.74178e-08, -3.10875e-08]
Rotation matrix C1MO (O to C1):
1	3.10875e-08	-6.74178e-08
-3.10875e-08	1	-8.46027e-08
6.74178e-08	8.46027e-08	1
XYZ rotation is: [0.0829109, -0.54557, -0.0214268]
Rotation matrix C2MO (O to C2):
0.854635	-0.0216123	-0.518779
-0.0183149	0.997257	-0.0717175
0.518906	0.0707937	0.851895
XYZ rotation is: [0.0829108, -0.54557, -0.0214267]
Rotation matrix R:
0.854635	-0.0216123	-0.518779
-0.0183148	0.997257	-0.0717174
0.518906	0.0707936	0.851895
