XYZ rotation is: [-5.38271e-10, -3.24034e-09, -7.09206e-10]
Rotation matrix C1MO (O to C1):
1	7.09206e-10	-3.24034e-09
-7.09206e-10	1	5.38271e-10
3.24034e-09	-5.38271e-10	1
XYZ rotation is: [-0.00229294, 0.00441167, 0.000561198]
Rotation matrix C2MO (O to C2):
0.99999	-0.000571312	0.00441036
0.000561192	0.999997	0.00229542
-0.00441166	-0.00229292	0.999988
XYZ rotation is: [-0.00229294, 0.00441168, 0.000561198]
Rotation matrix R:
0.99999	-0.000571312	0.00441036
0.000561193	0.999997	0.00229542
-0.00441166	-0.00229292	0.999988
