XYZ rotation is: [-1.37718e-08, -2.37877e-08, 6.30926e-09]
Rotation matrix C1MO (O to C1):
1	-6.30926e-09	-2.37877e-08
6.30926e-09	1	1.37718e-08
2.37877e-08	-1.37718e-08	1
XYZ rotation is: [0.00925967, -0.063912, -0.000206809]
Rotation matrix C2MO (O to C2):
0.997958	-0.000384593	-0.0638676
-0.000206386	0.999957	-0.00924633
0.0638685	0.00924064	0.997916
XYZ rotation is: [0.00925969, -0.0639119, -0.000206815]
Rotation matrix R:
0.997958	-0.000384587	-0.0638676
-0.000206393	0.999957	-0.00924635
0.0638684	0.00924065	0.997916
