XYZ rotation is: [4.09454e-09, -3.34779e-08, -6.52896e-09]
Rotation matrix C1MO (O to C1):
1	6.52896e-09	-3.34779e-08
-6.52896e-09	1	-4.09454e-09
3.34779e-08	4.09454e-09	1
XYZ rotation is: [0.0437166, 0.145065, 0.00168533]
Rotation matrix C2MO (O to C2):
0.989495	0.00463381	0.144493
0.00166762	0.999054	-0.0434592
-0.144557	0.0432436	0.988551
XYZ rotation is: [0.0437166, 0.145066, 0.00168533]
Rotation matrix R:
0.989495	0.0046338	0.144493
0.00166763	0.999054	-0.0434592
-0.144557	0.0432436	0.988551
