XYZ rotation is: [-4.59706e-10, 3.29501e-09, -5.46673e-09]
Rotation matrix C1MO (O to C1):
1	5.46673e-09	3.29501e-09
-5.46673e-09	1	4.59706e-10
-3.29501e-09	-4.59706e-10	1
XYZ rotation is: [-0.00850746, 0.445783, -0.0118726]
Rotation matrix C2MO (O to C2):
0.90221	0.0082041	0.43122
-0.0107121	0.999937	0.00338801
-0.431165	-0.00767596	0.902241
XYZ rotation is: [-0.00850746, 0.445783, -0.0118726]
Rotation matrix R:
0.90221	0.00820409	0.43122
-0.0107121	0.999937	0.00338801
-0.431165	-0.00767596	0.902241
