XYZ rotation is: [4.89532e-09, -1.18556e-08, -1.38872e-09]
Rotation matrix C1MO (O to C1):
1	1.38872e-09	-1.18556e-08
-1.38872e-09	1	-4.89532e-09
1.18556e-08	4.89532e-09	1
XYZ rotation is: [0.0719041, 0.753723, 0.0324362]
Rotation matrix C2MO (O to C2):
0.728763	0.0167931	0.68456
0.0236466	0.998486	-0.0496676
-0.684358	0.0523834	0.727262
XYZ rotation is: [0.0719041, 0.753723, 0.0324362]
Rotation matrix R:
0.728763	0.0167931	0.68456
0.0236466	0.998486	-0.0496676
-0.684358	0.0523834	0.727262
