XYZ rotation is: [-2.13136e-09, 3.22581e-09, 3.79475e-09]
Rotation matrix C1MO (O to C1):
1	-3.79475e-09	3.22581e-09
3.79475e-09	1	2.13136e-09
-3.22581e-09	-2.13136e-09	1
XYZ rotation is: [0.0570363, 0.701182, 0.0212207]
Rotation matrix C2MO (O to C2):
0.763908	0.0155825	0.645137
0.0162131	0.998929	-0.0433259
-0.645121	0.0435567	0.762838
XYZ rotation is: [0.0570363, 0.701182, 0.0212207]
Rotation matrix R:
0.763908	0.0155825	0.645137
0.0162131	0.998929	-0.0433259
-0.645121	0.0435567	0.762838
