XYZ rotation is: [4.31749e-09, 2.46155e-08, 3.06463e-09]
Rotation matrix C1MO (O to C1):
1	-3.06463e-09	2.46155e-08
3.06463e-09	1	-4.31749e-09
-2.46155e-08	4.31749e-09	1
XYZ rotation is: [-0.103769, -0.257471, -0.00280766]
Rotation matrix C2MO (O to C2):
0.967033	0.0291683	-0.252974
-0.00271511	0.994543	0.104293
0.254636	-0.100168	0.961835
XYZ rotation is: [-0.103769, -0.257471, -0.00280766]
Rotation matrix R:
0.967033	0.0291683	-0.252974
-0.00271511	0.994543	0.104293
0.254636	-0.100168	0.961835
