XYZ rotation is: [3.45716e-08, 8.40318e-09, -4.67991e-09]
Rotation matrix C1MO (O to C1):
1	4.67991e-09	8.40318e-09
-4.67991e-09	1	-3.45716e-08
-8.40318e-09	3.45716e-08	1
XYZ rotation is: [0.0227665, -0.190069, -0.00171221]
Rotation matrix C2MO (O to C2):
0.98199	-0.00258905	-0.188916
-0.00168137	0.999747	-0.0224411
0.188926	0.0223546	0.981737
XYZ rotation is: [0.0227665, -0.190069, -0.00171221]
Rotation matrix R:
0.98199	-0.00258905	-0.188916
-0.00168137	0.999747	-0.0224411
0.188926	0.0223546	0.981737
