XYZ rotation is: [-2.22173e-08, -1.52364e-09, 5.35636e-09]
Rotation matrix C1MO (O to C1):
1	-5.35636e-09	-1.52364e-09
5.35636e-09	1	2.22173e-08
1.52364e-09	-2.22173e-08	1
XYZ rotation is: [0.0140778, -0.0887452, 0.00322466]
Rotation matrix C2MO (O to C2):
0.99606	-0.00447198	-0.0885741
0.00321197	0.999892	-0.014363
0.0886288	0.0140219	0.995966
XYZ rotation is: [0.0140778, -0.0887452, 0.00322466]
Rotation matrix R:
0.99606	-0.00447198	-0.0885741
0.00321196	0.999892	-0.014363
0.0886288	0.0140219	0.995966
