XYZ rotation is: [2.09595e-08, -6.73001e-08, -3.64155e-09]
Rotation matrix C1MO (O to C1):
1	3.64155e-09	-6.73001e-08
-3.64155e-09	1	-2.09595e-08
6.73001e-08	2.09595e-08	1
XYZ rotation is: [-0.0658773, 0.0151592, 0.000633201]
Rotation matrix C2MO (O to C2):
0.999885	-0.00162971	0.015084
0.000633128	0.99783	0.0658392
-0.0151586	-0.0658221	0.997716
XYZ rotation is: [-0.0658773, 0.0151592, 0.0006332]
Rotation matrix R:
0.999885	-0.00162972	0.0150841
0.000633128	0.99783	0.0658392
-0.0151587	-0.0658221	0.997716
