XYZ rotation is: [3.37723e-08, -2.59886e-08, -3.43219e-09]
Rotation matrix C1MO (O to C1):
1	3.43219e-09	-2.59886e-08
-3.43219e-09	1	-3.37723e-08
2.59886e-08	3.37723e-08	1
XYZ rotation is: [0.0268256, -0.188121, -0.000714516]
Rotation matrix C2MO (O to C2):
0.982357	-0.00430188	-0.186965
-0.00070191	0.999644	-0.0266888
0.187013	0.0263492	0.982004
XYZ rotation is: [0.0268256, -0.188121, -0.000714512]
Rotation matrix R:
0.982357	-0.00430188	-0.186965
-0.000701906	0.999644	-0.0266888
0.187013	0.0263491	0.982004
