XYZ rotation is: [1.07134e-07, -1.27032e-07, -1.23268e-08]
Rotation matrix C1MO (O to C1):
1	1.23268e-08	-1.27032e-07
-1.23268e-08	1	-1.07134e-07
1.27032e-07	1.07134e-07	1
XYZ rotation is: [0.095447, -0.282639, -0.0363858]
Rotation matrix C2MO (O to C2):
0.959687	0.0096509	-0.280904
-0.0349344	0.995756	-0.0851398
0.278891	0.0915208	0.955952
XYZ rotation is: [0.0954469, -0.282639, -0.0363858]
Rotation matrix R:
0.959687	0.00965092	-0.280904
-0.0349344	0.995756	-0.0851397
0.278891	0.0915207	0.955952
