XYZ rotation is: [4.921e-08, 7.29927e-09, -8.45876e-09]
Rotation matrix C1MO (O to C1):
1	8.45876e-09	7.29927e-09
-8.45876e-09	1	-4.921e-08
-7.29927e-09	4.921e-08	1
XYZ rotation is: [0.0403984, -0.0937168, 0.00355597]
Rotation matrix C2MO (O to C2):
0.995605	-0.00733247	-0.0933591
0.00354035	0.999164	-0.0407196
0.0935797	0.0402102	0.994799
XYZ rotation is: [0.0403983, -0.0937168, 0.00355597]
Rotation matrix R:
0.995605	-0.00733248	-0.0933591
0.00354036	0.999164	-0.0407196
0.0935797	0.0402101	0.994799
