XYZ rotation is: [-4.87854e-08, -2.85123e-09, 9.45604e-10]
Rotation matrix C1MO (O to C1):
1	-9.45604e-10	-2.85123e-09
9.45604e-10	1	4.87854e-08
2.85123e-09	-4.87854e-08	1
XYZ rotation is: [0.0749477, -0.0837836, 0.00873186]
Rotation matrix C2MO (O to C2):
0.996454	-0.0149732	-0.0827937
0.00870112	0.9971	-0.0756033
0.0836856	0.0746149	0.993695
XYZ rotation is: [0.0749477, -0.0837836, 0.00873185]
Rotation matrix R:
0.996454	-0.0149732	-0.0827937
0.00870111	0.9971	-0.0756034
0.0836856	0.0746149	0.993695
