XYZ rotation is: [-2.80672e-08, 1.70238e-08, -3.54318e-09]
Rotation matrix C1MO (O to C1):
1	3.54318e-09	1.70238e-08
-3.54318e-09	1	2.80672e-08
-1.70238e-08	-2.80672e-08	1
XYZ rotation is: [-0.0641604, -0.0732508, 0.00621854]
Rotation matrix C2MO (O to C2):
0.997299	-0.00151341	-0.0734321
0.00620182	0.997952	0.063661
0.0731854	-0.0639445	0.995266
XYZ rotation is: [-0.0641604, -0.0732509, 0.00621855]
Rotation matrix R:
0.997299	-0.00151342	-0.0734321
0.00620183	0.997952	0.063661
0.0731854	-0.0639444	0.995266
