XYZ rotation is: [-6.23863e-08, -1.5826e-08, -1.12628e-09]
Rotation matrix C1MO (O to C1):
1	1.12628e-09	-1.5826e-08
-1.12628e-09	1	6.23863e-08
1.5826e-08	-6.23863e-08	1
XYZ rotation is: [0.160255, 0.0780685, 0.0203134]
Rotation matrix C2MO (O to C2):
0.996749	-0.00760955	0.0802152
0.0202501	0.987236	-0.157974
-0.0779892	0.159084	0.98418
XYZ rotation is: [0.160255, 0.0780685, 0.0203134]
Rotation matrix R:
0.996749	-0.00760954	0.0802152
0.0202501	0.987236	-0.157974
-0.0779892	0.159084	0.98418
