XYZ rotation is: [-4.06593e-09, 3.75746e-08, 2.60419e-09]
Rotation matrix C1MO (O to C1):
1	-2.60419e-09	3.75746e-08
2.60419e-09	1	4.06593e-09
-3.75746e-08	-4.06593e-09	1
XYZ rotation is: [-0.139824, 0.113047, -0.0124201]
Rotation matrix C2MO (O to C2):
0.99354	-0.00342187	0.113428
-0.0123405	0.990359	0.13797
-0.112806	-0.138479	0.98392
XYZ rotation is: [-0.139824, 0.113047, -0.0124201]
Rotation matrix R:
0.99354	-0.00342187	0.113427
-0.0123405	0.990359	0.13797
-0.112806	-0.138479	0.98392
