XYZ rotation is: [-4.28099e-08, -8.25505e-08, -1.26357e-08]
Rotation matrix C1MO (O to C1):
1	1.26357e-08	-8.25505e-08
-1.26357e-08	1	4.28099e-08
8.25505e-08	-4.28099e-08	1
XYZ rotation is: [0.00647563, 0.0141773, 0.00682221]
Rotation matrix C2MO (O to C2):
0.999876	-0.00673021	0.0142204
0.00682147	0.999956	-0.00637872
-0.0141768	0.00647493	0.999879
XYZ rotation is: [0.00647567, 0.0141774, 0.00682222]
Rotation matrix R:
0.999876	-0.00673022	0.0142205
0.00682148	0.999956	-0.00637876
-0.0141769	0.00647498	0.999879
