XYZ rotation is: [-8.24518e-10, 3.74168e-10, 2.17145e-10]
Rotation matrix C1MO (O to C1):
1	-2.17145e-10	3.74168e-10
2.17145e-10	1	8.24518e-10
-3.74168e-10	-8.24518e-10	1
XYZ rotation is: [0.0391377, 0.364486, 0.0141269]
Rotation matrix C2MO (O to C2):
0.934214	-0.000169217	0.356713
0.0131984	0.999332	-0.034092
-0.356469	0.0365573	0.933592
XYZ rotation is: [0.0391377, 0.364486, 0.0141269]
Rotation matrix R:
0.934214	-0.000169216	0.356713
0.0131984	0.999332	-0.034092
-0.356469	0.0365573	0.933592
