XYZ rotation is: [-7.35355e-09, -7.20465e-09, -4.02958e-09]
Rotation matrix C1MO (O to C1):
1	4.02958e-09	-7.20465e-09
-4.02958e-09	1	7.35355e-09
7.20465e-09	-7.35355e-09	1
XYZ rotation is: [-0.000850793, -0.0353744, 0.000480299]
Rotation matrix C2MO (O to C2):
0.999374	-0.000450209	-0.0353675
0.000479999	1	0.000833806
0.0353671	-0.000850261	0.999374
XYZ rotation is: [-0.000850786, -0.0353744, 0.000480303]
Rotation matrix R:
0.999374	-0.000450213	-0.0353675
0.000480003	1	0.000833799
0.0353671	-0.000850253	0.999374
