XYZ rotation is: [-6.84705e-08, 3.34522e-08, -1.69632e-08]
Rotation matrix C1MO (O to C1):
1	1.69632e-08	3.34522e-08
-1.69632e-08	1	6.84705e-08
-3.34522e-08	-6.84705e-08	1
XYZ rotation is: [-0.00302811, 0.648073, 0.0133752]
Rotation matrix C2MO (O to C2):
0.797177	-0.0152025	0.603554
0.010663	0.999882	0.0111015
-0.603651	-0.00241415	0.797245
XYZ rotation is: [-0.00302803, 0.648073, 0.0133752]
Rotation matrix R:
0.797177	-0.0152025	0.603554
0.010663	0.999882	0.0111014
-0.603651	-0.00241409	0.797245
