XYZ rotation is: [-2.43527e-09, -2.86297e-10, -7.09783e-09]
Rotation matrix C1MO (O to C1):
1	7.09783e-09	-2.86297e-10
-7.09783e-09	1	2.43527e-09
2.86297e-10	-2.43527e-09	1
XYZ rotation is: [-0.0419795, -0.0705045, -0.0101274]
Rotation matrix C2MO (O to C2):
0.997464	0.0130745	-0.0699554
-0.010102	0.999038	0.0426778
0.0704461	-0.0418629	0.996637
XYZ rotation is: [-0.0419795, -0.0705045, -0.0101273]
Rotation matrix R:
0.997464	0.0130745	-0.0699554
-0.010102	0.999038	0.0426778
0.0704461	-0.0418629	0.996637
