image: map/560.000000/merged_map.png
resolution: 0.050000
origin: [-18.300000, -17.600000, 0.000000]
negate: 0
occupied_thresh: 0.65
free_thresh: 0.196

