XYZ rotation is: [-0.38134, -0.879855, 0.0256665]
Rotation matrix C1MO (O to C1):
0.637053	0.262893	-0.724604
0.0163545	0.935222	0.353685
0.770646	-0.237167	0.591486
XYZ rotation is: [1.23905, 0.310275, -0.0203286]
Rotation matrix C2MO (O to C2):
0.952053	0.295234	0.0802009
-0.0193566	0.319756	-0.947302
-0.305321	0.900329	0.31014
XYZ rotation is: [1.8441, 0.183573, 0.880576]
Rotation matrix R:
0.626009	0.320046	0.711114
0.758149	-0.0363201	-0.651069
-0.182544	0.946706	-0.265379
