XYZ rotation is: [-1.53374e-09, -5.47054e-10, 4.84766e-09]
Rotation matrix C1MO (O to C1):
1	-4.84766e-09	-5.47054e-10
4.84766e-09	1	1.53374e-09
5.47054e-10	-1.53374e-09	1
XYZ rotation is: [-0.00855328, -0.121984, -0.0295415]
Rotation matrix C2MO (O to C2):
0.992136	0.0305765	-0.121371
-0.0293178	0.999496	0.0121434
0.121681	-0.00848962	0.992533
XYZ rotation is: [-0.00855328, -0.121984, -0.0295415]
Rotation matrix R:
0.992136	0.0305765	-0.121371
-0.0293178	0.999496	0.0121434
0.121681	-0.00848962	0.992533
