XYZ rotation is: [3.19007e-09, -1.39311e-10, -1.57599e-08]
Rotation matrix C1MO (O to C1):
1	1.57599e-08	-1.39311e-10
-1.57599e-08	1	-3.19007e-09
1.39311e-10	3.19007e-09	1
XYZ rotation is: [2.72509, 0.0861333, 2.70094]
Rotation matrix C2MO (O to C2):
-0.90112	0.358587	0.243718
0.424949	0.841993	0.332365
-0.0860268	0.403068	-0.911118
XYZ rotation is: [2.72509, 0.0861333, 2.70094]
Rotation matrix R:
-0.90112	0.358587	0.243718
0.424949	0.841993	0.332365
-0.0860268	0.403068	-0.911118
