XYZ rotation is: [-9.5821e-09, 1.66921e-08, 5.93521e-08]
Rotation matrix C1MO (O to C1):
1	-5.93521e-08	1.66921e-08
5.93521e-08	1	9.5821e-09
-1.66921e-08	-9.5821e-09	1
XYZ rotation is: [2.48702, -0.507679, 1.15641]
Rotation matrix C2MO (O to C2):
0.351848	0.606994	0.712573
0.799913	-0.590337	0.107895
0.48615	0.532034	-0.693252
XYZ rotation is: [2.48702, -0.507679, 1.15641]
Rotation matrix R:
0.351848	0.606994	0.712573
0.799913	-0.590337	0.107895
0.48615	0.532034	-0.693252
