XYZ rotation is: [2.30322e-07, -3.56535e-07, 4.25174e-08]
Rotation matrix C1MO (O to C1):
1	-4.25174e-08	-3.56535e-07
4.25174e-08	1	-2.30322e-07
3.56535e-07	2.30322e-07	1
XYZ rotation is: [-0.15639, 0.33466, -0.214034]
Rotation matrix C2MO (O to C2):
0.92297	0.159822	0.350119
-0.20062	0.976122	0.0832874
-0.328448	-0.147113	0.932995
XYZ rotation is: [-0.15639, 0.33466, -0.214034]
Rotation matrix R:
0.92297	0.159822	0.35012
-0.20062	0.976122	0.0832875
-0.328448	-0.147113	0.932995
