XYZ rotation is: [2.23122e-09, -5.9942e-09, -1.15219e-08]
Rotation matrix C1MO (O to C1):
1	1.15219e-08	-5.9942e-09
-1.15219e-08	1	-2.23122e-09
5.9942e-09	2.23122e-09	1
XYZ rotation is: [0.0138832, -0.140537, -0.0242693]
Rotation matrix C2MO (O to C2):
0.989849	0.0223205	-0.140356
-0.0240277	0.999656	-0.0104798
0.140074	0.0137458	0.990046
XYZ rotation is: [0.0138832, -0.140536, -0.0242693]
Rotation matrix R:
0.989849	0.0223205	-0.140356
-0.0240277	0.999656	-0.0104798
0.140074	0.0137458	0.990046
