XYZ rotation is: [2.65818e-09, 1.6969e-09, -4.80643e-09]
Rotation matrix C1MO (O to C1):
1	4.80643e-09	1.6969e-09
-4.80643e-09	1	-2.65818e-09
-1.6969e-09	2.65818e-09	1
XYZ rotation is: [3.00405, 0.137956, 2.62632]
Rotation matrix C2MO (O to C2):
-0.861892	0.47171	0.186099
0.48809	0.871232	0.0521857
-0.137518	0.135811	-0.981144
XYZ rotation is: [3.00405, 0.137956, 2.62632]
Rotation matrix R:
-0.861892	0.47171	0.186099
0.48809	0.871232	0.0521857
-0.137518	0.135811	-0.981144
