XYZ rotation is: [6.28231e-08, -1.65417e-07, -3.66562e-07]
Rotation matrix C1MO (O to C1):
1	3.66562e-07	-1.65417e-07
-3.66562e-07	1	-6.28231e-08
1.65417e-07	6.28231e-08	1
XYZ rotation is: [-0.0621458, -0.0182374, -0.207512]
Rotation matrix C2MO (O to C2):
0.978384	0.206736	-0.00501534
-0.205991	0.976424	0.0645233
0.0182364	-0.0620955	0.997904
XYZ rotation is: [-0.0621459, -0.0182372, -0.207511]
Rotation matrix R:
0.978384	0.206736	-0.00501516
-0.205991	0.976424	0.0645234
0.0182362	-0.0620955	0.997904
