XYZ rotation is: [7.14041e-10, -6.99963e-09, 1.94868e-09]
Rotation matrix C1MO (O to C1):
1	-1.94868e-09	-6.99963e-09
1.94868e-09	1	-7.14041e-10
6.99963e-09	7.14041e-10	1
XYZ rotation is: [0.0116756, -0.128745, -0.0276504]
Rotation matrix C2MO (O to C2):
0.991345	0.0261465	-0.128655
-0.027418	0.999591	-0.00812153
0.12839	0.0115787	0.991656
XYZ rotation is: [0.0116756, -0.128745, -0.0276504]
Rotation matrix R:
0.991345	0.0261465	-0.128655
-0.027418	0.999591	-0.00812153
0.12839	0.0115787	0.991656
