XYZ rotation is: [2.26189e-09, -1.87073e-08, -4.0061e-09]
Rotation matrix C1MO (O to C1):
1	4.0061e-09	-1.87073e-08
-4.0061e-09	1	-2.26189e-09
1.87073e-08	2.26189e-09	1
XYZ rotation is: [0.00684067, 0.0174886, -0.0200342]
Rotation matrix C2MO (O to C2):
0.999646	0.020152	0.0173468
-0.0200298	0.999774	-0.00718957
-0.0174877	0.00683957	0.999824
XYZ rotation is: [0.00684067, 0.0174887, -0.0200342]
Rotation matrix R:
0.999646	0.020152	0.0173468
-0.0200298	0.999774	-0.00718956
-0.0174878	0.00683957	0.999824
