XYZ rotation is: [-1.66516e-06, -5.50408e-06, -2.43305e-07]
Rotation matrix C1MO (O to C1):
1	2.43314e-07	-5.50408e-06
-2.43305e-07	1	1.66516e-06
5.50408e-06	-1.66516e-06	1
XYZ rotation is: [-1.46274, 0.708686, -0.0735875]
Rotation matrix C2MO (O to C2):
0.757163	-0.63736	0.143094
-0.0558185	0.155128	0.986316
-0.650837	-0.754789	0.0818809
XYZ rotation is: [-1.46274, 0.708687, -0.0735947]
Rotation matrix R:
0.757162	-0.63736	0.1431
-0.0558239	0.15513	0.986316
-0.650838	-0.754789	0.0818785
