XYZ rotation is: [8.53515e-09, -2.8654e-09, -4.06017e-08]
Rotation matrix C1MO (O to C1):
1	4.06017e-08	-2.8654e-09
-4.06017e-08	1	-8.53515e-09
2.8654e-09	8.53515e-09	1
XYZ rotation is: [2.48088, -0.381981, 2.75591]
Rotation matrix C2MO (O to C2):
-0.859765	0.508974	-0.0418357
0.349077	0.645502	0.679317
0.37276	0.569449	-0.732651
XYZ rotation is: [2.48088, -0.381981, 2.75591]
Rotation matrix R:
-0.859765	0.508974	-0.0418357
0.349077	0.645502	0.679317
0.37276	0.569449	-0.732651
