XYZ rotation is: [1.7177, 0.0727022, 2.70441]
Rotation matrix C1MO (O to C1):
-0.903556	-0.00312269	0.428458
0.422267	0.163035	0.891689
-0.0726381	0.986615	-0.145993
XYZ rotation is: [-3.02612, 0.513756, 3.01381]
Rotation matrix C2MO (O to C2):
-0.863804	0.182749	0.469516
0.110985	0.978026	-0.176486
-0.491452	-0.10034	-0.865105
XYZ rotation is: [-1.50758, -0.0737737, -0.180418]
Rotation matrix R:
0.981093	0.0837013	0.174502
-0.178953	0.048947	0.982639
0.0737068	-0.995288	0.0630001
