XYZ rotation is: [4.10701e-09, -1.19682e-08, -1.54913e-08]
Rotation matrix C1MO (O to C1):
1	1.54913e-08	-1.19682e-08
-1.54913e-08	1	-4.10701e-09
1.19682e-08	4.10701e-09	1
XYZ rotation is: [0.0226232, 0.280779, 0.0673082]
Rotation matrix C2MO (O to C2):
0.958664	-0.0609859	0.277928
0.0646235	0.997902	-0.00393745
-0.277105	0.0217354	0.960594
XYZ rotation is: [0.0226232, 0.28078, 0.0673082]
Rotation matrix R:
0.958664	-0.0609859	0.277928
0.0646236	0.997902	-0.00393745
-0.277105	0.0217354	0.960594
