XYZ rotation is: [-5.3945e-09, 1.20812e-08, 3.97884e-09]
Rotation matrix C1MO (O to C1):
1	-3.97884e-09	1.20812e-08
3.97884e-09	1	5.3945e-09
-1.20812e-08	-5.3945e-09	1
XYZ rotation is: [0.0048064, 0.0911721, -0.000715293]
Rotation matrix C2MO (O to C2):
0.995846	0.00115289	0.0910413
-0.000712322	0.999988	-0.0048715
-0.0910459	0.00478642	0.995835
XYZ rotation is: [0.0048064, 0.0911721, -0.000715297]
Rotation matrix R:
0.995846	0.00115289	0.0910413
-0.000712326	0.999988	-0.00487151
-0.0910458	0.00478642	0.995835
