XYZ rotation is: [2.88148e-10, 5.01689e-09, -1.35172e-09]
Rotation matrix C1MO (O to C1):
1	1.35172e-09	5.01689e-09
-1.35172e-09	1	-2.88148e-10
-5.01689e-09	2.88148e-10	1
XYZ rotation is: [-0.00624496, -0.404373, 0.00297631]
Rotation matrix C2MO (O to C2):
0.919345	-0.000519238	-0.393452
0.00273626	0.999983	0.00507391
0.393442	-0.00574126	0.919331
XYZ rotation is: [-0.00624496, -0.404373, 0.00297631]
Rotation matrix R:
0.919345	-0.000519239	-0.393452
0.00273626	0.999983	0.00507391
0.393442	-0.00574126	0.919331
