XYZ rotation is: [-2.09893e-09, 4.15158e-09, -3.33311e-09]
Rotation matrix C1MO (O to C1):
1	3.33311e-09	4.15158e-09
-3.33311e-09	1	2.09893e-09
-4.15158e-09	-2.09893e-09	1
XYZ rotation is: [-1.38777, 0.614509, -0.739438]
Rotation matrix C2MO (O to C2):
0.60368	-0.296224	0.74015
-0.550592	0.516512	0.655793
-0.576558	-0.803409	0.148709
XYZ rotation is: [-1.38777, 0.614509, -0.739438]
Rotation matrix R:
0.60368	-0.296224	0.74015
-0.550592	0.516512	0.655793
-0.576558	-0.803409	0.148709
