XYZ rotation is: [-2.42891e-08, 4.34964e-08, 1.18287e-09]
Rotation matrix C1MO (O to C1):
1	-1.18287e-09	4.34964e-08
1.18287e-09	1	2.42891e-08
-4.34964e-08	-2.42891e-08	1
XYZ rotation is: [-0.0457227, -0.532898, 0.00617524]
Rotation matrix C2MO (O to C2):
0.861322	0.0170513	-0.507773
0.00531894	0.999079	0.042572
0.508031	-0.039369	0.860438
XYZ rotation is: [-0.0457227, -0.532898, 0.00617524]
Rotation matrix R:
0.861322	0.0170513	-0.507773
0.00531894	0.999079	0.042572
0.508031	-0.039369	0.860438
