XYZ rotation is: [7.38752e-08, 2.21811e-08, 2.40669e-08]
Rotation matrix C1MO (O to C1):
1	-2.40669e-08	2.21811e-08
2.40669e-08	1	-7.38752e-08
-2.21811e-08	7.38752e-08	1
XYZ rotation is: [0.0440645, 0.599566, 0.0149521]
Rotation matrix C2MO (O to C2):
0.825488	0.009917	0.564332
0.0123437	0.999289	-0.0356166
-0.564284	0.036367	0.824779
XYZ rotation is: [0.0440644, 0.599566, 0.0149521]
Rotation matrix R:
0.825488	0.00991698	0.564332
0.0123437	0.999289	-0.0356165
-0.564284	0.036367	0.824779
