XYZ rotation is: [-1.86876e-08, -4.16163e-09, -1.34846e-09]
Rotation matrix C1MO (O to C1):
1	1.34846e-09	-4.16163e-09
-1.34846e-09	1	1.86876e-08
4.16163e-09	-1.86876e-08	1
XYZ rotation is: [-0.00814489, 0.148149, -0.00119842]
Rotation matrix C2MO (O to C2):
0.989045	-3.85213e-06	0.147612
-0.00118529	0.999968	0.00796791
-0.147607	-0.00805559	0.989013
XYZ rotation is: [-0.00814487, 0.148149, -0.00119842]
Rotation matrix R:
0.989045	-3.85071e-06	0.147612
-0.00118529	0.999968	0.00796789
-0.147607	-0.00805557	0.989013
