XYZ rotation is: [5.6316e-09, -3.17739e-09, -1.86616e-11]
Rotation matrix C1MO (O to C1):
1	1.86616e-11	-3.17739e-09
-1.86616e-11	1	-5.6316e-09
3.17739e-09	5.6316e-09	1
XYZ rotation is: [-0.000157904, -0.0486203, -0.0023828]
Rotation matrix C2MO (O to C2):
0.998815	0.00239047	-0.0486006
-0.00237998	0.999997	0.000273711
0.0486012	-0.000157718	0.998818
XYZ rotation is: [-0.00015791, -0.0486203, -0.0023828]
Rotation matrix R:
0.998815	0.00239047	-0.0486006
-0.00237998	0.999997	0.000273716
0.0486011	-0.000157723	0.998818
