XYZ rotation is: [4.90328e-09, 1.5888e-09, 1.68072e-08]
Rotation matrix C1MO (O to C1):
1	-1.68072e-08	1.5888e-09
1.68072e-08	1	-4.90328e-09
-1.5888e-09	4.90328e-09	1
XYZ rotation is: [2.46287, -0.65524, 0.651492]
Rotation matrix C2MO (O to C2):
0.630499	0.167792	0.757837
0.480795	-0.850917	-0.211607
0.60935	0.497782	-0.617176
XYZ rotation is: [2.46287, -0.65524, 0.651492]
Rotation matrix R:
0.630499	0.167792	0.757837
0.480795	-0.850917	-0.211607
0.60935	0.497782	-0.617176
