XYZ rotation is: [-5.82191e-08, 2.67254e-08, -1.2386e-08]
Rotation matrix C1MO (O to C1):
1	1.2386e-08	2.67254e-08
-1.2386e-08	1	5.82191e-08
-2.67254e-08	-5.82191e-08	1
XYZ rotation is: [0.000701863, 0.0219341, -0.00976444]
Rotation matrix C2MO (O to C2):
0.999712	0.00977967	0.0219244
-0.00976193	0.999952	-0.000915983
-0.0219323	0.000701694	0.999759
XYZ rotation is: [0.000701921, 0.021934, -0.00976443]
Rotation matrix R:
0.999712	0.00977966	0.0219244
-0.00976192	0.999952	-0.000916041
-0.0219323	0.000701753	0.999759
