XYZ rotation is: [-2.63607e-09, 8.87142e-10, -2.07362e-09]
Rotation matrix C1MO (O to C1):
1	2.07362e-09	8.87142e-10
-2.07362e-09	1	2.63607e-09
-8.87142e-10	-2.63607e-09	1
XYZ rotation is: [0.000315669, 0.00794696, 0.00138834]
Rotation matrix C2MO (O to C2):
0.999967	-0.00138584	0.0079473
0.0013883	0.999999	-0.000304636
-0.00794687	0.000315659	0.999968
XYZ rotation is: [0.000315672, 0.00794696, 0.00138835]
Rotation matrix R:
0.999967	-0.00138584	0.0079473
0.0013883	0.999999	-0.000304639
-0.00794687	0.000315662	0.999968
