XYZ rotation is: [-1.97312e-08, -1.3808e-08, -2.69677e-09]
Rotation matrix C1MO (O to C1):
1	2.69677e-09	-1.3808e-08
-2.69677e-09	1	1.97312e-08
1.3808e-08	-1.97312e-08	1
XYZ rotation is: [-0.0135753, 0.377131, -0.0010532]
Rotation matrix C2MO (O to C2):
0.929724	-0.00394591	0.368235
-0.00097919	0.999913	0.0131871
-0.368255	-0.0126209	0.929639
XYZ rotation is: [-0.0135753, 0.377131, -0.0010532]
Rotation matrix R:
0.929724	-0.0039459	0.368235
-0.000979187	0.999913	0.0131871
-0.368255	-0.0126209	0.929639
