XYZ rotation is: [2.94287e-09, -1.93106e-08, 2.14437e-09]
Rotation matrix C1MO (O to C1):
1	-2.14437e-09	-1.93106e-08
2.14437e-09	1	-2.94287e-09
1.93106e-08	2.94287e-09	1
XYZ rotation is: [-0.0428091, 0.0800655, -0.00735903]
Rotation matrix C2MO (O to C2):
0.996769	0.00392949	0.0802195
-0.00733539	0.999082	0.0422069
-0.07998	-0.0426589	0.995883
XYZ rotation is: [-0.0428091, 0.0800656, -0.00735904]
Rotation matrix R:
0.996769	0.00392949	0.0802195
-0.0073354	0.999082	0.0422069
-0.07998	-0.0426589	0.995883
