XYZ rotation is: [3.19786e-08, 6.22483e-08, 8.36149e-09]
Rotation matrix C1MO (O to C1):
1	-8.36149e-09	6.22483e-08
8.36149e-09	1	-3.19786e-08
-6.22483e-08	3.19786e-08	1
XYZ rotation is: [-0.0477009, 0.216851, -0.00883028]
Rotation matrix C2MO (O to C2):
0.976542	-0.0014387	0.215324
-0.00862336	0.998914	0.0457832
-0.215156	-0.046566	0.975469
XYZ rotation is: [-0.0477009, 0.216851, -0.00883029]
Rotation matrix R:
0.976542	-0.0014387	0.215324
-0.00862337	0.998914	0.0457832
-0.215156	-0.0465661	0.975469
