XYZ rotation is: [3.09568e-06, -1.31079e-06, -2.33034e-07]
Rotation matrix C1MO (O to C1):
1	2.3303e-07	-1.3108e-06
-2.33034e-07	1	-3.09568e-06
1.31079e-06	3.09568e-06	1
XYZ rotation is: [2.2978, -0.105606, -0.0369735]
Rotation matrix C2MO (O to C2):
0.993749	-0.103273	0.0423921
-0.0367591	-0.66127	-0.749247
0.10541	0.743005	-0.660933
XYZ rotation is: [2.2978, -0.105607, -0.0369727]
Rotation matrix R:
0.993749	-0.103274	0.0423931
-0.0367583	-0.661268	-0.749249
0.105411	0.743007	-0.660931
