image: map/140.000000/merged_map.png
resolution: 0.050000
origin: [-13.375000, -15.525000, 0.000000]
negate: 0
occupied_thresh: 0.65
free_thresh: 0.196

