image: map/740.000000/merged_map.png
resolution: 0.050000
origin: [-17.825000, -17.800000, 0.000000]
negate: 0
occupied_thresh: 0.65
free_thresh: 0.196

