XYZ rotation is: [-8.65962e-08, -3.1238e-08, 1.97566e-09]
Rotation matrix C1MO (O to C1):
1	-1.97566e-09	-3.1238e-08
1.97566e-09	1	8.65962e-08
3.1238e-08	-8.65962e-08	1
XYZ rotation is: [-0.00588047, -0.00138194, -0.00176878]
Rotation matrix C2MO (O to C2):
0.999997	0.00177687	-0.00137152
-0.00176877	0.999981	0.00588287
0.00138194	-0.00588043	0.999982
XYZ rotation is: [-0.00588038, -0.00138191, -0.00176878]
Rotation matrix R:
0.999997	0.00177687	-0.00137148
-0.00176877	0.999981	0.00588278
0.00138191	-0.00588034	0.999982
