XYZ rotation is: [-1.33025e-08, -9.28206e-09, 5.15363e-09]
Rotation matrix C1MO (O to C1):
1	-5.15363e-09	-9.28206e-09
5.15363e-09	1	1.33025e-08
9.28206e-09	-1.33025e-08	1
XYZ rotation is: [-0.0192691, -0.0379054, -0.00469652]
Rotation matrix C2MO (O to C2):
0.999271	0.00542581	-0.0377983
-0.00469313	0.9998	0.0194456
0.0378963	-0.019254	0.999096
XYZ rotation is: [-0.019269, -0.0379054, -0.00469653]
Rotation matrix R:
0.999271	0.00542581	-0.0377983
-0.00469314	0.9998	0.0194456
0.0378963	-0.019254	0.999096
