XYZ rotation is: [-1.24668e-08, -9.24076e-10, 2.60654e-09]
Rotation matrix C1MO (O to C1):
1	-2.60654e-09	-9.24076e-10
2.60654e-09	1	1.24668e-08
9.24076e-10	-1.24668e-08	1
XYZ rotation is: [-0.0162562, -0.0170426, -0.00406428]
Rotation matrix C2MO (O to C2):
0.999847	0.00434076	-0.0169734
-0.00406368	0.999858	0.0163246
0.0170418	-0.0162531	0.999723
XYZ rotation is: [-0.0162562, -0.0170426, -0.00406428]
Rotation matrix R:
0.999847	0.00434076	-0.0169734
-0.00406368	0.999858	0.0163246
0.0170418	-0.0162531	0.999723
