XYZ rotation is: [-2.74886e-09, -3.48042e-09, -4.12068e-09]
Rotation matrix C1MO (O to C1):
1	4.12068e-09	-3.48042e-09
-4.12068e-09	1	2.74886e-09
3.48042e-09	-2.74886e-09	1
XYZ rotation is: [-0.0152907, 0.134927, -0.010717]
Rotation matrix C2MO (O to C2):
0.990854	0.00865885	0.134659
-0.0106194	0.999848	0.0138478
-0.134518	-0.0151512	0.990795
XYZ rotation is: [-0.0152907, 0.134927, -0.010717]
Rotation matrix R:
0.990854	0.00865885	0.134659
-0.0106194	0.999848	0.0138478
-0.134518	-0.0151512	0.990795
