XYZ rotation is: [-4.86096e-08, -9.42754e-08, 3.031e-08]
Rotation matrix C1MO (O to C1):
1	-3.031e-08	-9.42754e-08
3.031e-08	1	4.86096e-08
9.42754e-08	-4.86096e-08	1
XYZ rotation is: [0.228015, -0.894729, -0.234483]
Rotation matrix C2MO (O to C2):
0.608607	0.0548287	-0.791575
-0.145382	0.988427	-0.0433143
0.780039	0.141443	0.609535
XYZ rotation is: [0.228015, -0.894729, -0.234483]
Rotation matrix R:
0.608607	0.0548287	-0.791575
-0.145382	0.988427	-0.0433144
0.780039	0.141443	0.609535
