XYZ rotation is: [2.46414e-08, -8.68746e-09, -8.92521e-09]
Rotation matrix C1MO (O to C1):
1	8.92521e-09	-8.68746e-09
-8.92521e-09	1	-2.46414e-08
8.68746e-09	2.46414e-08	1
XYZ rotation is: [0.0469159, -0.935529, -0.0402553]
Rotation matrix C2MO (O to C2):
0.592912	0.00248138	-0.805263
-0.0238808	0.99961	-0.0145031
0.804913	0.0278294	0.59274
XYZ rotation is: [0.0469159, -0.935529, -0.0402553]
Rotation matrix R:
0.592912	0.00248139	-0.805263
-0.0238808	0.99961	-0.0145031
0.804913	0.0278293	0.59274
