XYZ rotation is: [-1.01721e-09, 1.01555e-09, -1.69786e-10]
Rotation matrix C1MO (O to C1):
1	1.69786e-10	1.01555e-09
-1.69786e-10	1	1.01721e-09
-1.01555e-09	-1.01721e-09	1
XYZ rotation is: [-0.00124741, 0.148538, 0.00108437]
Rotation matrix C2MO (O to C2):
0.988988	-0.00126897	0.147991
0.00107243	0.999998	0.00140788
-0.147992	-0.00123367	0.988988
XYZ rotation is: [-0.00124741, 0.148538, 0.00108437]
Rotation matrix R:
0.988988	-0.00126897	0.147991
0.00107243	0.999998	0.00140788
-0.147992	-0.00123367	0.988988
