XYZ rotation is: [-4.15346e-08, -2.45156e-08, 3.45436e-08]
Rotation matrix C1MO (O to C1):
1	-3.45436e-08	-2.45156e-08
3.45436e-08	1	4.15346e-08
2.45156e-08	-4.15346e-08	1
XYZ rotation is: [-0.00488908, 0.0732224, -0.000569957]
Rotation matrix C2MO (O to C2):
0.99732	0.000212281	0.0731589
-0.00056843	0.999988	0.00484736
-0.073157	-0.00487596	0.997309
XYZ rotation is: [-0.00488904, 0.0732224, -0.000569992]
Rotation matrix R:
0.99732	0.000212319	0.0731589
-0.000568465	0.999988	0.00484732
-0.073157	-0.00487592	0.997309
