XYZ rotation is: [4.79493e-08, -8.47048e-08, -5.32021e-08]
Rotation matrix C1MO (O to C1):
1	5.32021e-08	-8.47048e-08
-5.32021e-08	1	-4.79493e-08
8.47048e-08	4.79493e-08	1
XYZ rotation is: [-0.0479167, -0.358413, 0.0169742]
Rotation matrix C2MO (O to C2):
0.93632	-0.000154113	-0.351148
0.0158948	0.998994	0.0419443
0.350788	-0.0448547	0.93538
XYZ rotation is: [-0.0479168, -0.358413, 0.0169742]
Rotation matrix R:
0.93632	-0.000154146	-0.351148
0.0158948	0.998994	0.0419443
0.350788	-0.0448548	0.93538
