XYZ rotation is: [2.80253e-07, -1.91429e-06, -3.23861e-08]
Rotation matrix C1MO (O to C1):
1	3.23855e-08	-1.91429e-06
-3.23861e-08	1	-2.80253e-07
1.91429e-06	2.80253e-07	1
XYZ rotation is: [0.169387, -0.563336, -0.111232]
Rotation matrix C2MO (O to C2):
0.840253	0.019948	-0.541827
-0.0938502	0.98959	-0.109108
0.53401	0.142529	0.833378
XYZ rotation is: [0.169386, -0.563334, -0.111231]
Rotation matrix R:
0.840254	0.0199481	-0.541825
-0.09385	0.98959	-0.109108
0.534008	0.142529	0.833379
