XYZ rotation is: [-2.36042e-08, -1.53368e-08, 7.58826e-09]
Rotation matrix C1MO (O to C1):
1	-7.58826e-09	-1.53368e-08
7.58826e-09	1	2.36042e-08
1.53368e-08	-2.36042e-08	1
XYZ rotation is: [-0.00677942, -0.1595, 0.005847]
Rotation matrix C2MO (O to C2):
0.98729	-0.00477012	-0.158858
0.00577275	0.999966	0.00585063
0.158825	-0.00669332	0.987284
XYZ rotation is: [-0.0067794, -0.1595, 0.005847]
Rotation matrix R:
0.98729	-0.00477012	-0.158858
0.00577275	0.999966	0.00585061
0.158825	-0.00669329	0.987284
