XYZ rotation is: [1.82237e-08, -1.60848e-09, -3.28452e-09]
Rotation matrix C1MO (O to C1):
1	3.28452e-09	-1.60848e-09
-3.28452e-09	1	-1.82237e-08
1.60848e-09	1.82237e-08	1
XYZ rotation is: [-0.00562409, 0.0372337, 0.000662969]
Rotation matrix C2MO (O to C2):
0.999307	-0.000872315	0.0372208
0.00066251	0.999984	0.00564873
-0.0372251	-0.00562016	0.999291
XYZ rotation is: [-0.00562411, 0.0372337, 0.000662972]
Rotation matrix R:
0.999307	-0.000872319	0.0372208
0.000662513	0.999984	0.00564875
-0.0372251	-0.00562018	0.999291
