XYZ rotation is: [1.1277e-08, 2.62971e-08, 9.16805e-10]
Rotation matrix C1MO (O to C1):
1	-9.16805e-10	2.62971e-08
9.16805e-10	1	-1.1277e-08
-2.62971e-08	1.1277e-08	1
XYZ rotation is: [0.00591238, -0.0289378, 0.000360347]
Rotation matrix C2MO (O to C2):
0.999581	-0.000531407	-0.0289311
0.000360196	0.999982	-0.00592277
0.0289338	0.00590987	0.999564
XYZ rotation is: [0.00591236, -0.0289379, 0.000360346]
Rotation matrix R:
0.999581	-0.000531406	-0.0289312
0.000360195	0.999982	-0.00592276
0.0289338	0.00590986	0.999564
