XYZ rotation is: [-9.63848e-09, -7.94626e-09, 9.81537e-10]
Rotation matrix C1MO (O to C1):
1	-9.81537e-10	-7.94626e-09
9.81537e-10	1	9.63848e-09
7.94626e-09	-9.63848e-09	1
XYZ rotation is: [0.0177648, -0.0564025, 0.000464907]
Rotation matrix C2MO (O to C2):
0.99841	-0.00146623	-0.0563554
0.000464168	0.999842	-0.01779
0.0563726	0.0177356	0.998252
XYZ rotation is: [0.0177648, -0.0564025, 0.000464906]
Rotation matrix R:
0.99841	-0.00146623	-0.0563554
0.000464167	0.999842	-0.01779
0.0563726	0.0177356	0.998252
