XYZ rotation is: [1.37577e-09, -2.82708e-08, 4.42852e-09]
Rotation matrix C1MO (O to C1):
1	-4.42852e-09	-2.82708e-08
4.42852e-09	1	-1.37577e-09
2.82708e-08	1.37577e-09	1
XYZ rotation is: [0.0500523, 0.188156, 0.0155656]
Rotation matrix C2MO (O to C2):
0.982232	-0.00618832	0.18757
0.0152902	0.998772	-0.0471176
-0.187048	0.0491484	0.981121
XYZ rotation is: [0.0500523, 0.188156, 0.0155656]
Rotation matrix R:
0.982232	-0.00618831	0.18757
0.0152902	0.998772	-0.0471176
-0.187048	0.0491484	0.981121
