XYZ rotation is: [2.42391e-08, -8.28561e-10, 2.88159e-09]
Rotation matrix C1MO (O to C1):
1	-2.88159e-09	-8.28561e-10
2.88159e-09	1	-2.42391e-08
8.28561e-10	2.42391e-08	1
XYZ rotation is: [0.0208729, -0.0795623, -0.0126866]
Rotation matrix C2MO (O to C2):
0.996756	0.0110248	-0.0797195
-0.0126462	0.999723	-0.0198617
0.0794784	0.0208054	0.996619
XYZ rotation is: [0.0208729, -0.0795623, -0.0126866]
Rotation matrix R:
0.996756	0.0110248	-0.0797195
-0.0126462	0.999723	-0.0198617
0.0794784	0.0208054	0.996619
