XYZ rotation is: [-5.52157e-08, -2.7138e-08, -2.09325e-09]
Rotation matrix C1MO (O to C1):
1	2.09325e-09	-2.7138e-08
-2.09325e-09	1	5.52157e-08
2.7138e-08	-5.52157e-08	1
XYZ rotation is: [0.033931, -0.541536, -0.00809576]
Rotation matrix C2MO (O to C2):
0.85689	-0.0093949	-0.515414
-0.00693732	0.999533	-0.0297529
0.515453	0.0290705	0.856425
XYZ rotation is: [0.0339311, -0.541536, -0.00809576]
Rotation matrix R:
0.85689	-0.00939493	-0.515414
-0.00693732	0.999533	-0.0297529
0.515453	0.0290706	0.856425
