XYZ rotation is: [-9.21366e-09, -1.08886e-08, 1.52351e-10]
Rotation matrix C1MO (O to C1):
1	-1.52351e-10	-1.08886e-08
1.52351e-10	1	9.21366e-09
1.08886e-08	-9.21366e-09	1
XYZ rotation is: [0.00670607, -0.0733811, 0.00125211]
Rotation matrix C2MO (O to C2):
0.997308	-0.00174373	-0.0733052
0.00124874	0.999976	-0.00679781
0.0733153	0.00668797	0.997286
XYZ rotation is: [0.00670608, -0.0733811, 0.00125211]
Rotation matrix R:
0.997308	-0.00174373	-0.0733052
0.00124874	0.999976	-0.00679782
0.0733153	0.00668798	0.997286
