XYZ rotation is: [1.30502e-09, 2.94644e-08, -3.21966e-09]
Rotation matrix C1MO (O to C1):
1	3.21966e-09	2.94644e-08
-3.21966e-09	1	-1.30502e-09
-2.94644e-08	1.30502e-09	1
XYZ rotation is: [0.0122317, 0.197679, 0.00127055]
Rotation matrix C2MO (O to C2):
0.980524	0.0011317	0.196395
0.00124581	0.999927	-0.0119818
-0.196394	0.0119932	0.980452
XYZ rotation is: [0.0122317, 0.197679, 0.00127056]
Rotation matrix R:
0.980524	0.0011317	0.196395
0.00124581	0.999927	-0.0119818
-0.196394	0.0119932	0.980452
