XYZ rotation is: [5.70107e-08, -1.51986e-07, -1.60487e-08]
Rotation matrix C1MO (O to C1):
1	1.60487e-08	-1.51986e-07
-1.60487e-08	1	-5.70107e-08
1.51986e-07	5.70107e-08	1
XYZ rotation is: [0.0248365, -0.368592, -0.0122042]
Rotation matrix C2MO (O to C2):
0.932766	0.0032531	-0.360468
-0.0113843	0.999726	-0.0204363
0.360303	0.023166	0.932548
XYZ rotation is: [0.0248364, -0.368592, -0.0122042]
Rotation matrix R:
0.932766	0.00325311	-0.360468
-0.0113842	0.999726	-0.0204363
0.360303	0.0231659	0.932548
