XYZ rotation is: [-1.52732e-08, -3.69216e-08, -6.52975e-09]
Rotation matrix C1MO (O to C1):
1	6.52975e-09	-3.69216e-08
-6.52975e-09	1	1.52732e-08
3.69216e-08	-1.52732e-08	1
XYZ rotation is: [-0.0208545, -0.101033, 0.00197561]
Rotation matrix C2MO (O to C2):
0.994899	0.00012808	-0.100881
0.00196553	0.999785	0.0206537
0.100862	-0.0207466	0.994684
XYZ rotation is: [-0.0208545, -0.101033, 0.00197562]
Rotation matrix R:
0.994899	0.000128072	-0.100881
0.00196554	0.999785	0.0206537
0.100862	-0.0207466	0.994684
