XYZ rotation is: [-5.30421e-09, 1.25844e-08, 7.15989e-09]
Rotation matrix C1MO (O to C1):
1	-7.15989e-09	1.25844e-08
7.15989e-09	1	5.30421e-09
-1.25844e-08	-5.30421e-09	1
XYZ rotation is: [0.00954217, 0.189611, 0.00578484]
Rotation matrix C2MO (O to C2):
0.982061	-0.00398612	0.18852
0.00568113	0.999948	-0.00845161
-0.188477	0.00937101	0.982033
XYZ rotation is: [0.00954217, 0.189611, 0.00578483]
Rotation matrix R:
0.982061	-0.00398612	0.18852
0.00568112	0.999948	-0.00845162
-0.188477	0.00937101	0.982033
