XYZ rotation is: [-6.97566e-09, -1.25133e-08, -2.88216e-09]
Rotation matrix C1MO (O to C1):
1	2.88216e-09	-1.25133e-08
-2.88216e-09	1	6.97566e-09
1.25133e-08	-6.97566e-09	1
XYZ rotation is: [-0.0829584, 0.0888825, 0.0952533]
Rotation matrix C2MO (O to C2):
0.991537	-0.102104	0.0801781
0.0947339	0.991344	0.0909011
-0.0887655	-0.0825362	0.992627
XYZ rotation is: [-0.0829584, 0.0888825, 0.0952533]
Rotation matrix R:
0.991537	-0.102104	0.0801782
0.0947339	0.991344	0.0909011
-0.0887655	-0.0825362	0.992627
