XYZ rotation is: [1.80921e-09, 5.28382e-10, -2.95996e-09]
Rotation matrix C1MO (O to C1):
1	2.95996e-09	5.28382e-10
-2.95996e-09	1	-1.80921e-09
-5.28382e-10	1.80921e-09	1
XYZ rotation is: [0.000541079, 0.304273, 0.0011013]
Rotation matrix C2MO (O to C2):
0.954064	-0.000939189	0.2996
0.00105071	0.999999	-0.000211131
-0.2996	0.000516225	0.954065
XYZ rotation is: [0.000541078, 0.304273, 0.0011013]
Rotation matrix R:
0.954064	-0.000939193	0.2996
0.00105071	0.999999	-0.000211129
-0.2996	0.000516224	0.954065
