XYZ rotation is: [-3.67526e-09, 3.55e-09, 5.68136e-09]
Rotation matrix C1MO (O to C1):
1	-5.68136e-09	3.55e-09
5.68136e-09	1	3.67526e-09
-3.55e-09	-3.67526e-09	1
XYZ rotation is: [-0.00943323, -0.0039191, -0.00993499]
Rotation matrix C2MO (O to C2):
0.999943	0.00997135	-0.00382501
-0.00993475	0.999906	0.00947156
0.00391909	-0.00943302	0.999948
XYZ rotation is: [-0.00943323, -0.0039191, -0.00993499]
Rotation matrix R:
0.999943	0.00997136	-0.00382501
-0.00993475	0.999906	0.00947156
0.00391909	-0.00943302	0.999948
