XYZ rotation is: [1.26014e-08, 2.03589e-07, 6.99546e-09]
Rotation matrix C1MO (O to C1):
1	-6.99546e-09	2.03589e-07
6.99546e-09	1	-1.26014e-08
-2.03589e-07	1.26014e-08	1
XYZ rotation is: [0.260996, 1.10624, 0.209026]
Rotation matrix C2MO (O to C2):
0.438277	0.0251947	0.898487
0.092969	0.992975	-0.073194
-0.894019	0.115611	0.432856
XYZ rotation is: [0.260996, 1.10624, 0.209025]
Rotation matrix R:
0.438277	0.0251947	0.898487
0.092969	0.992975	-0.073194
-0.894019	0.115611	0.432856
