XYZ rotation is: [1.48879e-09, 1.92983e-08, -4.83017e-09]
Rotation matrix C1MO (O to C1):
1	4.83017e-09	1.92983e-08
-4.83017e-09	1	-1.48879e-09
-1.92983e-08	1.48879e-09	1
XYZ rotation is: [-0.0140467, 0.19205, 0.000243947]
Rotation matrix C2MO (O to C2):
0.981615	-0.00292496	0.19085
0.000239462	0.999901	0.0140928
-0.190872	-0.013788	0.981518
XYZ rotation is: [-0.0140467, 0.19205, 0.000243952]
Rotation matrix R:
0.981615	-0.00292497	0.19085
0.000239467	0.999901	0.0140928
-0.190872	-0.013788	0.981518
