XYZ rotation is: [-3.4653e-09, 9.8598e-09, 1.16128e-08]
Rotation matrix C1MO (O to C1):
1	-1.16128e-08	9.8598e-09
1.16128e-08	1	3.4653e-09
-9.8598e-09	-3.4653e-09	1
XYZ rotation is: [-0.00116833, 0.354661, 0.00162773]
Rotation matrix C2MO (O to C2):
0.937763	-0.00203346	0.34727
0.00152643	0.999997	0.00173359
-0.347273	-0.00109562	0.937764
XYZ rotation is: [-0.00116833, 0.354661, 0.00162772]
Rotation matrix R:
0.937763	-0.00203345	0.34727
0.00152642	0.999997	0.00173359
-0.347273	-0.00109562	0.937764
