XYZ rotation is: [-2.43496e-09, 2.94813e-09, 8.89411e-09]
Rotation matrix C1MO (O to C1):
1	-8.89411e-09	2.94813e-09
8.89411e-09	1	2.43496e-09
-2.94813e-09	-2.43496e-09	1
XYZ rotation is: [2.91892, -0.928869, -3.00294]
Rotation matrix C2MO (O to C2):
-0.592994	0.0403815	-0.804194
-0.0827531	0.990397	0.110752
0.800944	0.132225	-0.583957
XYZ rotation is: [2.91892, -0.928869, -3.00294]
Rotation matrix R:
-0.592994	0.0403815	-0.804194
-0.0827531	0.990397	0.110752
0.800944	0.132225	-0.583957
