XYZ rotation is: [1.44518e-09, 5.48875e-09, 4.45458e-09]
Rotation matrix C1MO (O to C1):
1	-4.45458e-09	5.48875e-09
4.45458e-09	1	-1.44518e-09
-5.48875e-09	1.44518e-09	1
XYZ rotation is: [-0.00274422, 0.00247451, 0.00123729]
Rotation matrix C2MO (O to C2):
0.999996	-0.00124407	0.0024711
0.00123728	0.999995	0.00274728
-0.00247451	-0.00274421	0.999993
XYZ rotation is: [-0.00274422, 0.0024745, 0.00123728]
Rotation matrix R:
0.999996	-0.00124407	0.00247109
0.00123728	0.999995	0.00274728
-0.0024745	-0.00274421	0.999993
