XYZ rotation is: [-4.98476e-08, 8.27223e-08, 4.19332e-09]
Rotation matrix C1MO (O to C1):
1	-4.19332e-09	8.27223e-08
4.19332e-09	1	4.98476e-08
-8.27223e-08	-4.98476e-08	1
XYZ rotation is: [0.0202299, -0.2445, -0.0118526]
Rotation matrix C2MO (O to C2):
0.97019	0.00695352	-0.242244
-0.0114998	0.999783	-0.0173586
0.242071	0.0196269	0.97006
XYZ rotation is: [0.02023, -0.2445, -0.0118526]
Rotation matrix R:
0.97019	0.00695352	-0.242244
-0.0114998	0.999783	-0.0173586
0.242071	0.0196269	0.97006
