XYZ rotation is: [5.51559e-10, 1.95206e-09, 2.68046e-10]
Rotation matrix C1MO (O to C1):
1	-2.68046e-10	1.95206e-09
2.68046e-10	1	-5.51559e-10
-1.95206e-09	5.51559e-10	1
XYZ rotation is: [0.00121799, 0.182786, 7.63214e-05]
Rotation matrix C2MO (O to C2):
0.983341	0.000145071	0.181769
7.50499e-05	0.999999	-0.00120411
-0.181769	0.00119769	0.98334
XYZ rotation is: [0.00121798, 0.182786, 7.63211e-05]
Rotation matrix R:
0.983341	0.000145071	0.181769
7.50497e-05	0.999999	-0.00120411
-0.181769	0.00119769	0.98334
