XYZ rotation is: [2.73401e-08, 5.24465e-08, -2.48177e-09]
Rotation matrix C1MO (O to C1):
1	2.48177e-09	5.24465e-08
-2.48177e-09	1	-2.73401e-08
-5.24465e-08	2.73401e-08	1
XYZ rotation is: [0.00996909, -0.0400077, -0.00481574]
Rotation matrix C2MO (O to C2):
0.999188	0.00441676	-0.0400426
-0.00481187	0.999941	-0.00977621
0.0399971	0.00996095	0.99915
XYZ rotation is: [0.00996907, -0.0400078, -0.00481574]
Rotation matrix R:
0.999188	0.00441676	-0.0400427
-0.00481187	0.999941	-0.00977618
0.0399971	0.00996092	0.99915
