XYZ rotation is: [1.4242e-08, 5.3126e-08, 1.38849e-09]
Rotation matrix C1MO (O to C1):
1	-1.38849e-09	5.3126e-08
1.38849e-09	1	-1.4242e-08
-5.3126e-08	1.4242e-08	1
XYZ rotation is: [-0.0135034, -0.0546563, -0.00153701]
Rotation matrix C2MO (O to C2):
0.998506	0.00227453	-0.0546033
-0.00153472	0.999907	0.0135869
0.0546291	-0.0134828	0.998416
XYZ rotation is: [-0.0135034, -0.0546564, -0.00153701]
Rotation matrix R:
0.998506	0.00227453	-0.0546034
-0.00153472	0.999907	0.0135869
0.0546292	-0.0134828	0.998416
