XYZ rotation is: [2.58164e-08, -4.44883e-08, -6.10801e-09]
Rotation matrix C1MO (O to C1):
1	6.10801e-09	-4.44883e-08
-6.10801e-09	1	-2.58164e-08
4.44883e-08	2.58164e-08	1
XYZ rotation is: [0.00292267, 0.0644739, -0.00176663]
Rotation matrix C2MO (O to C2):
0.997921	0.00195493	0.0644237
-0.00176296	0.999994	-0.00303648
-0.0644293	0.00291659	0.997918
XYZ rotation is: [0.00292264, 0.064474, -0.00176663]
Rotation matrix R:
0.997921	0.00195492	0.0644238
-0.00176295	0.999994	-0.00303646
-0.0644293	0.00291657	0.997918
