XYZ rotation is: [3.69186e-08, -5.64681e-10, 1.85334e-09]
Rotation matrix C1MO (O to C1):
1	-1.85334e-09	-5.64681e-10
1.85334e-09	1	-3.69186e-08
5.64681e-10	3.69186e-08	1
XYZ rotation is: [-0.0238633, 0.134032, -0.00232502]
Rotation matrix C2MO (O to C2):
0.991029	-0.00086421	0.133648
-0.00230416	0.99972	0.0235504
-0.133631	-0.0236471	0.990749
XYZ rotation is: [-0.0238634, 0.134032, -0.00232502]
Rotation matrix R:
0.991029	-0.000864213	0.133648
-0.00230416	0.99972	0.0235504
-0.133631	-0.0236471	0.990749
