XYZ rotation is: [1.55823e-08, -4.79536e-08, -2.362e-09]
Rotation matrix C1MO (O to C1):
1	2.362e-09	-4.79536e-08
-2.362e-09	1	-1.55823e-08
4.79536e-08	1.55823e-08	1
XYZ rotation is: [0.0463539, 0.104843, -0.00400649]
Rotation matrix C2MO (O to C2):
0.994501	0.00885137	0.104352
-0.00398448	0.998898	-0.0467558
-0.104651	0.0460829	0.993441
XYZ rotation is: [0.0463539, 0.104843, -0.00400648]
Rotation matrix R:
0.994501	0.00885137	0.104352
-0.00398447	0.998898	-0.0467558
-0.104651	0.0460829	0.993441
