XYZ rotation is: [-1.66354e-08, -9.79276e-10, 1.29882e-09]
Rotation matrix C1MO (O to C1):
1	-1.29882e-09	-9.79276e-10
1.29882e-09	1	1.66354e-08
9.79276e-10	-1.66354e-08	1
XYZ rotation is: [-0.00153739, 0.0923087, -0.00212702]
Rotation matrix C2MO (O to C2):
0.99574	0.0019853	0.0921807
-0.00211796	0.999997	0.00134132
-0.0921777	-0.00153085	0.995741
XYZ rotation is: [-0.00153737, 0.0923087, -0.00212702]
Rotation matrix R:
0.99574	0.0019853	0.0921807
-0.00211796	0.999997	0.00134131
-0.0921777	-0.00153083	0.995741
