XYZ rotation is: [1.95274e-10, -2.46674e-09, -3.59089e-10]
Rotation matrix C1MO (O to C1):
1	3.59089e-10	-2.46674e-09
-3.59089e-10	1	-1.95274e-10
2.46674e-09	1.95274e-10	1
XYZ rotation is: [0.00444015, 0.152908, 0.0169149]
Rotation matrix C2MO (O to C2):
0.988191	-0.0162377	0.152365
0.0167167	0.999859	-0.00186328
-0.152313	0.00438833	0.988323
XYZ rotation is: [0.00444015, 0.152908, 0.0169149]
Rotation matrix R:
0.988191	-0.0162377	0.152365
0.0167167	0.999859	-0.00186328
-0.152313	0.00438833	0.988323
