XYZ rotation is: [8.34257e-09, 3.45321e-08, -1.76501e-10]
Rotation matrix C1MO (O to C1):
1	1.76501e-10	3.45321e-08
-1.76501e-10	1	-8.34257e-09
-3.45321e-08	8.34257e-09	1
XYZ rotation is: [-0.0250339, -0.045787, 0.00448921]
Rotation matrix C2MO (O to C2):
0.998942	-0.0033421	-0.0458686
0.00448449	0.999682	0.0248256
0.045771	-0.0250051	0.998639
XYZ rotation is: [-0.0250339, -0.045787, 0.00448922]
Rotation matrix R:
0.998942	-0.0033421	-0.0458686
0.0044845	0.999682	0.0248257
0.045771	-0.0250051	0.998639
