XYZ rotation is: [3.22128e-07, -1.26034e-07, 3.72598e-09]
Rotation matrix C1MO (O to C1):
1	-3.72602e-09	-1.26034e-07
3.72598e-09	1	-3.22128e-07
1.26034e-07	3.22128e-07	1
XYZ rotation is: [0.143659, -0.902093, -0.158525]
Rotation matrix C2MO (O to C2):
0.612195	0.0453129	-0.789407
-0.0978695	0.995022	-0.0187836
0.784626	0.0887581	0.613583
XYZ rotation is: [0.143659, -0.902093, -0.158525]
Rotation matrix R:
0.612195	0.0453131	-0.789407
-0.0978695	0.995022	-0.0187833
0.784626	0.0887579	0.613583
