XYZ rotation is: [-8.0466e-08, 2.28999e-07, -5.86046e-09]
Rotation matrix C1MO (O to C1):
1	5.86044e-09	2.28999e-07
-5.86046e-09	1	8.0466e-08
-2.28999e-07	-8.0466e-08	1
XYZ rotation is: [0.031681, 0.225664, -0.000268742]
Rotation matrix C2MO (O to C2):
0.974646	0.00735615	0.223632
-0.000261928	0.999496	-0.0317358
-0.223753	0.0308726	0.974157
XYZ rotation is: [0.0316811, 0.225663, -0.000268744]
Rotation matrix R:
0.974646	0.00735616	0.223632
-0.00026193	0.999496	-0.0317359
-0.223753	0.0308727	0.974157
