XYZ rotation is: [1.45436e-08, -2.77024e-08, -1.43143e-09]
Rotation matrix C1MO (O to C1):
1	1.43143e-09	-2.77024e-08
-1.43143e-09	1	-1.45436e-08
2.77024e-08	1.45436e-08	1
XYZ rotation is: [0.00226477, 0.222856, 0.00482359]
Rotation matrix C2MO (O to C2):
0.975259	-0.00432302	0.221024
0.00470429	0.999988	-0.00119866
-0.221016	0.00220876	0.975268
XYZ rotation is: [0.00226476, 0.222857, 0.0048236]
Rotation matrix R:
0.975259	-0.00432302	0.221024
0.00470429	0.999988	-0.00119864
-0.221016	0.00220875	0.975268
