XYZ rotation is: [-2.08674e-09, 4.9385e-09, -1.69885e-09]
Rotation matrix C1MO (O to C1):
1	1.69885e-09	4.9385e-09
-1.69885e-09	1	2.08674e-09
-4.9385e-09	-2.08674e-09	1
XYZ rotation is: [-0.00955021, -0.171671, 0.00133575]
Rotation matrix C2MO (O to C2):
0.9853	0.000295729	-0.170833
0.00131612	0.999956	0.00932188
0.170829	-0.00940968	0.985256
XYZ rotation is: [-0.0095502, -0.171671, 0.00133576]
Rotation matrix R:
0.9853	0.000295727	-0.170833
0.00131612	0.999956	0.00932188
0.170829	-0.00940968	0.985256
