XYZ rotation is: [3.59243e-09, -5.40778e-10, 4.58009e-09]
Rotation matrix C1MO (O to C1):
1	-4.58009e-09	-5.40778e-10
4.58009e-09	1	-3.59243e-09
5.40778e-10	3.59243e-09	1
XYZ rotation is: [-0.0354752, -0.0199742, 0.00494826]
Rotation matrix C2MO (O to C2):
0.999788	-0.00423674	-0.0201355
0.00494725	0.999362	0.0353686
0.0199729	-0.0354607	0.999171
XYZ rotation is: [-0.0354752, -0.0199742, 0.00494825]
Rotation matrix R:
0.999788	-0.00423673	-0.0201355
0.00494724	0.999362	0.0353686
0.0199729	-0.0354607	0.999171
