XYZ rotation is: [-4.82753e-08, -1.34159e-08, -2.29901e-10]
Rotation matrix C1MO (O to C1):
1	2.29901e-10	-1.34159e-08
-2.29901e-10	1	4.82753e-08
1.34159e-08	-4.82753e-08	1
XYZ rotation is: [-0.0119443, -0.368496, -0.00281489]
Rotation matrix C2MO (O to C2):
0.932866	0.00711705	-0.360152
-0.00262592	0.999913	0.0129578
0.360213	-0.0111422	0.932803
XYZ rotation is: [-0.0119442, -0.368496, -0.00281489]
Rotation matrix R:
0.932866	0.00711703	-0.360152
-0.00262592	0.999913	0.0129578
0.360213	-0.0111421	0.932803
