XYZ rotation is: [-7.38953e-09, 3.8411e-08, 6.75293e-09]
Rotation matrix C1MO (O to C1):
1	-6.75293e-09	3.8411e-08
6.75293e-09	1	7.38953e-09
-3.8411e-08	-7.38953e-09	1
XYZ rotation is: [0.0353922, -0.0963247, -0.000755523]
Rotation matrix C2MO (O to C2):
0.995364	-0.00264811	-0.0961423
-0.000752021	0.999376	-0.0353122
0.0961758	0.0352208	0.994741
XYZ rotation is: [0.0353922, -0.0963247, -0.000755532]
Rotation matrix R:
0.995364	-0.00264811	-0.0961423
-0.000752029	0.999376	-0.0353122
0.0961758	0.0352208	0.994741
