XYZ rotation is: [-1.2522e-08, 1.15694e-08, 3.54678e-10]
Rotation matrix C1MO (O to C1):
1	-3.54678e-10	1.15694e-08
3.54678e-10	1	1.2522e-08
-1.15694e-08	-1.2522e-08	1
XYZ rotation is: [0.0011393, 0.0956731, -0.00607384]
Rotation matrix C2MO (O to C2):
0.995408	0.00618263	0.0955185
-0.00604603	0.99998	-0.00171949
-0.0955272	0.00113409	0.995426
XYZ rotation is: [0.00113931, 0.0956731, -0.00607384]
Rotation matrix R:
0.995408	0.00618263	0.0955185
-0.00604603	0.99998	-0.0017195
-0.0955272	0.0011341	0.995426
