XYZ rotation is: [2.04344e-08, -1.7914e-08, 1.4662e-09]
Rotation matrix C1MO (O to C1):
1	-1.4662e-09	-1.7914e-08
1.4662e-09	1	-2.04344e-08
1.7914e-08	2.04344e-08	1
XYZ rotation is: [0.000238295, 0.0192986, -0.00235772]
Rotation matrix C2MO (O to C2):
0.999811	0.00236232	0.0192968
-0.00235728	0.999997	-0.000283792
-0.0192974	0.00023825	0.999814
XYZ rotation is: [0.000238274, 0.0192987, -0.00235772]
Rotation matrix R:
0.999811	0.00236232	0.0192968
-0.00235728	0.999997	-0.000283772
-0.0192975	0.00023823	0.999814
