XYZ rotation is: [6.78567e-08, 1.0318e-07, -2.26904e-08]
Rotation matrix C1MO (O to C1):
1	2.26904e-08	1.0318e-07
-2.26904e-08	1	-6.78567e-08
-1.0318e-07	6.78567e-08	1
XYZ rotation is: [0.108635, -0.506786, -0.0521003]
Rotation matrix C2MO (O to C2):
0.873123	-0.000783454	-0.4875
-0.0455311	0.995497	-0.0831472
0.485369	0.0947941	0.869155
XYZ rotation is: [0.108635, -0.506786, -0.0521003]
Rotation matrix R:
0.873123	-0.00078344	-0.4875
-0.0455311	0.995497	-0.0831471
0.485369	0.094794	0.869155
