XYZ rotation is: [-9.50872e-09, -1.97106e-08, 2.05926e-10]
Rotation matrix C1MO (O to C1):
1	-2.05926e-10	-1.97106e-08
2.05926e-10	1	9.50872e-09
1.97106e-08	-9.50872e-09	1
XYZ rotation is: [-0.0441468, -0.499337, 0.0194552]
Rotation matrix C2MO (O to C2):
0.877734	0.00169352	-0.479145
0.0170787	0.999248	0.0348177
0.478844	-0.0387439	0.877045
XYZ rotation is: [-0.0441468, -0.499337, 0.0194552]
Rotation matrix R:
0.877734	0.00169351	-0.479145
0.0170787	0.999248	0.0348177
0.478844	-0.0387439	0.877045
