XYZ rotation is: [-3.16397e-08, -5.35401e-08, -8.31689e-09]
Rotation matrix C1MO (O to C1):
1	8.31689e-09	-5.35401e-08
-8.31689e-09	1	3.16397e-08
5.35401e-08	-3.16397e-08	1
XYZ rotation is: [-0.0276524, -0.23835, -0.00998378]
Rotation matrix C2MO (O to C2):
0.97168	0.0165074	-0.235722
-0.00970137	0.999503	0.0300037
0.2361	-0.0268672	0.971357
XYZ rotation is: [-0.0276524, -0.23835, -0.00998378]
Rotation matrix R:
0.97168	0.0165074	-0.235722
-0.00970136	0.999503	0.0300037
0.2361	-0.0268672	0.971357
