XYZ rotation is: [2.56254e-08, -2.18853e-08, -2.63992e-09]
Rotation matrix C1MO (O to C1):
1	2.63992e-09	-2.18853e-08
-2.63992e-09	1	-2.56254e-08
2.18853e-08	2.56254e-08	1
XYZ rotation is: [0.0276551, 0.0269075, -0.0149297]
Rotation matrix C2MO (O to C2):
0.999527	0.0156673	0.0264782
-0.0149237	0.999495	-0.02805
-0.0269043	0.0276416	0.999256
XYZ rotation is: [0.0276551, 0.0269076, -0.0149297]
Rotation matrix R:
0.999527	0.0156673	0.0264782
-0.0149237	0.999495	-0.02805
-0.0269043	0.0276415	0.999256
