XYZ rotation is: [-2.78463e-09, -7.19617e-09, -3.57729e-09]
Rotation matrix C1MO (O to C1):
1	3.57729e-09	-7.19617e-09
-3.57729e-09	1	2.78463e-09
7.19617e-09	-2.78463e-09	1
XYZ rotation is: [0.024261, 0.0706929, 0.0182893]
Rotation matrix C2MO (O to C2):
0.997335	-0.0165697	0.071045
0.0182426	0.99957	-0.0229631
-0.070634	0.024198	0.997209
XYZ rotation is: [0.024261, 0.0706929, 0.0182893]
Rotation matrix R:
0.997335	-0.0165697	0.0710451
0.0182426	0.99957	-0.0229631
-0.070634	0.024198	0.997209
