XYZ rotation is: [-1.25428e-08, 8.69298e-09, 1.17101e-08]
Rotation matrix C1MO (O to C1):
1	-1.17101e-08	8.69298e-09
1.17101e-08	1	1.25428e-08
-8.69298e-09	-1.25428e-08	1
XYZ rotation is: [0.221108, -0.759675, -0.214113]
Rotation matrix C2MO (O to C2):
0.708503	0.05972	-0.703176
-0.154061	0.985469	-0.0715333
0.688686	0.159014	0.707408
XYZ rotation is: [0.221108, -0.759675, -0.214113]
Rotation matrix R:
0.708503	0.05972	-0.703176
-0.154061	0.985469	-0.0715333
0.688686	0.159014	0.707408
