XYZ rotation is: [-1.26405e-08, -1.25803e-07, -2.88977e-09]
Rotation matrix C1MO (O to C1):
1	2.88977e-09	-1.25803e-07
-2.88977e-09	1	1.26405e-08
1.25803e-07	-1.26405e-08	1
XYZ rotation is: [0.326432, -1.3294, -0.36968]
Rotation matrix C2MO (O to C2):
0.222913	0.0519051	-0.973456
-0.0863776	0.995705	0.0333118
0.971004	0.0766592	0.226439
XYZ rotation is: [0.326431, -1.3294, -0.36968]
Rotation matrix R:
0.222913	0.0519051	-0.973456
-0.0863776	0.995705	0.0333117
0.971004	0.0766592	0.226439
