XYZ rotation is: [6.30631e-08, -4.44267e-07, -5.66771e-08]
Rotation matrix C1MO (O to C1):
1	5.66771e-08	-4.44267e-07
-5.66771e-08	1	-6.30631e-08
4.44267e-07	6.30631e-08	1
XYZ rotation is: [0.0414832, 0.110304, -0.0110287]
Rotation matrix C2MO (O to C2):
0.993862	0.0155838	0.109521
-0.0109614	0.999029	-0.0426818
-0.11008	0.0412193	0.993068
XYZ rotation is: [0.0414832, 0.110304, -0.0110286]
Rotation matrix R:
0.993862	0.0155838	0.109522
-0.0109613	0.999029	-0.0426817
-0.11008	0.0412192	0.993068
