XYZ rotation is: [-9.80606e-09, 9.20981e-09, -1.29256e-09]
Rotation matrix C1MO (O to C1):
1	1.29256e-09	9.20981e-09
-1.29256e-09	1	9.80606e-09
-9.20981e-09	-9.80606e-09	1
XYZ rotation is: [0.008223, 0.116127, -0.000316512]
Rotation matrix C2MO (O to C2):
0.993265	0.00126926	0.11586
-0.000314381	0.999966	-0.00825958
-0.115867	0.00816752	0.993231
XYZ rotation is: [0.00822301, 0.116127, -0.000316511]
Rotation matrix R:
0.993265	0.00126926	0.11586
-0.000314379	0.999966	-0.00825959
-0.115867	0.00816753	0.993231
