XYZ rotation is: [-1.42596e-08, 9.93854e-09, -1.43966e-09]
Rotation matrix C1MO (O to C1):
1	1.43966e-09	9.93854e-09
-1.43966e-09	1	1.42596e-08
-9.93854e-09	-1.42596e-08	1
XYZ rotation is: [0.0096147, -0.133142, 0.000691862]
Rotation matrix C2MO (O to C2):
0.991149	-0.00196815	-0.132736
0.000685739	0.999953	-0.00970639
0.132749	0.00952946	0.991104
XYZ rotation is: [0.00961471, -0.133142, 0.000691863]
Rotation matrix R:
0.991149	-0.00196816	-0.132736
0.00068574	0.999953	-0.0097064
0.132749	0.00952947	0.991104
