XYZ rotation is: [8.69057e-08, 5.91733e-08, 2.61656e-08]
Rotation matrix C1MO (O to C1):
1	-2.61656e-08	5.91733e-08
2.61656e-08	1	-8.69057e-08
-5.91733e-08	8.69057e-08	1
XYZ rotation is: [0.0241875, -0.11635, -0.00131114]
Rotation matrix C2MO (O to C2):
0.993238	-0.00149684	-0.116086
-0.00130227	0.99971	-0.0240329
0.116088	0.0240216	0.992948
XYZ rotation is: [0.0241874, -0.11635, -0.00131116]
Rotation matrix R:
0.993238	-0.00149681	-0.116086
-0.0013023	0.99971	-0.0240328
0.116088	0.0240215	0.992948
