XYZ rotation is: [-5.1995e-09, -5.70217e-09, -1.76244e-09]
Rotation matrix C1MO (O to C1):
1	1.76244e-09	-5.70217e-09
-1.76244e-09	1	5.1995e-09
5.70217e-09	-5.1995e-09	1
XYZ rotation is: [-0.235659, 0.0745019, -0.226507]
Rotation matrix C2MO (O to C2):
0.971754	0.201433	0.122962
-0.223952	0.951426	0.211266
-0.074433	-0.232836	0.969663
XYZ rotation is: [-0.235659, 0.0745019, -0.226507]
Rotation matrix R:
0.971754	0.201433	0.122962
-0.223952	0.951426	0.211266
-0.074433	-0.232836	0.969663
