XYZ rotation is: [1.17908e-07, 1.00941e-08, -2.39882e-08]
Rotation matrix C1MO (O to C1):
1	2.39882e-08	1.00941e-08
-2.39882e-08	1	-1.17908e-07
-1.00941e-08	1.17908e-07	1
XYZ rotation is: [-0.162179, -0.412352, 0.0613379]
Rotation matrix C2MO (O to C2):
0.914458	0.00409434	-0.404661
0.0561614	0.988989	0.136921
0.400766	-0.147935	0.904158
XYZ rotation is: [-0.162179, -0.412352, 0.061338]
Rotation matrix R:
0.914458	0.00409437	-0.404661
0.0561614	0.988989	0.136921
0.400766	-0.147935	0.904158
