XYZ rotation is: [2.67049e-09, 1.75373e-08, 1.92847e-09]
Rotation matrix C1MO (O to C1):
1	-1.92847e-09	1.75373e-08
1.92847e-09	1	-2.67049e-09
-1.75373e-08	2.67049e-09	1
XYZ rotation is: [-0.509266, -0.58576, 0.197121]
Rotation matrix C2MO (O to C2):
0.817155	0.0933119	-0.568815
0.163198	0.908981	0.383563
0.552833	-0.40626	0.72755
XYZ rotation is: [-0.509266, -0.58576, 0.197121]
Rotation matrix R:
0.817155	0.0933119	-0.568815
0.163198	0.908981	0.383563
0.552833	-0.40626	0.72755
