XYZ rotation is: [7.77675e-08, 8.29144e-09, -1.89184e-08]
Rotation matrix C1MO (O to C1):
1	1.89184e-08	8.29144e-09
-1.89184e-08	1	-7.77675e-08
-8.29144e-09	7.77675e-08	1
XYZ rotation is: [0.138655, 0.0925942, -0.0530704]
Rotation matrix C2MO (O to C2):
0.994314	0.0652977	0.0841142
-0.0528183	0.988331	-0.142874
-0.0924619	0.137619	0.98616
XYZ rotation is: [0.138655, 0.0925942, -0.0530704]
Rotation matrix R:
0.994314	0.0652976	0.0841142
-0.0528182	0.988331	-0.142874
-0.0924619	0.137619	0.98616
