XYZ rotation is: [-3.69993e-10, 2.24127e-08, 3.18622e-09]
Rotation matrix C1MO (O to C1):
1	-3.18622e-09	2.24127e-08
3.18622e-09	1	3.69993e-10
-2.24127e-08	-3.69993e-10	1
XYZ rotation is: [0.139609, 0.247421, -0.0774446]
Rotation matrix C2MO (O to C2):
0.966641	0.110592	0.231029
-0.0750112	0.984666	-0.157502
-0.244904	0.134918	0.960114
XYZ rotation is: [0.139609, 0.247421, -0.0774446]
Rotation matrix R:
0.966641	0.110592	0.231029
-0.0750112	0.984666	-0.157502
-0.244904	0.134918	0.960114
