XYZ rotation is: [7.12558e-09, -8.35385e-09, 2.8096e-09]
Rotation matrix C1MO (O to C1):
1	-2.8096e-09	-8.35385e-09
2.8096e-09	1	-7.12558e-09
8.35385e-09	7.12558e-09	1
XYZ rotation is: [-0.29172, -0.353346, 0.117738]
Rotation matrix C2MO (O to C2):
0.931725	-0.0136716	-0.362908
0.110209	0.96281	0.246679
0.346039	-0.269832	0.898581
XYZ rotation is: [-0.29172, -0.353346, 0.117738]
Rotation matrix R:
0.931725	-0.0136716	-0.362908
0.110209	0.96281	0.246679
0.346039	-0.269832	0.898581
