XYZ rotation is: [7.69951e-08, 8.35612e-08, -4.71822e-09]
Rotation matrix C1MO (O to C1):
1	4.71822e-09	8.35612e-08
-4.71822e-09	1	-7.69951e-08
-8.35612e-08	7.69951e-08	1
XYZ rotation is: [-0.168205, -0.144032, 0.0612625]
Rotation matrix C2MO (O to C2):
0.987789	-0.0363757	-0.151493
0.0605902	0.985509	0.158435
0.143534	-0.16568	0.975678
XYZ rotation is: [-0.168205, -0.144032, 0.0612625]
Rotation matrix R:
0.987789	-0.0363757	-0.151493
0.0605902	0.985509	0.158436
0.143534	-0.16568	0.975678
