XYZ rotation is: [1.10563e-07, -3.14664e-08, -2.64607e-08]
Rotation matrix C1MO (O to C1):
1	2.64607e-08	-3.14664e-08
-2.64607e-08	1	-1.10563e-07
3.14664e-08	1.10563e-07	1
XYZ rotation is: [0.20188, 0.0717734, -0.068331]
Rotation matrix C2MO (O to C2):
0.995098	0.0812366	0.056401
-0.068102	0.976423	-0.20484
-0.0717118	0.199995	0.977169
XYZ rotation is: [0.201879, 0.0717734, -0.068331]
Rotation matrix R:
0.995098	0.0812366	0.056401
-0.068102	0.976423	-0.20484
-0.0717118	0.199995	0.977169
