XYZ rotation is: [-3.59599e-08, 1.23906e-08, 1.38467e-08]
Rotation matrix C1MO (O to C1):
1	-1.38467e-08	1.23906e-08
1.38467e-08	1	3.59599e-08
-1.23906e-08	-3.59599e-08	1
XYZ rotation is: [0.0302934, -0.177506, -0.0211647]
Rotation matrix C2MO (O to C2):
0.984067	0.0158064	-0.177096
-0.0208306	0.999431	-0.0265468
0.176576	0.0298129	0.983835
XYZ rotation is: [0.0302935, -0.177506, -0.0211647]
Rotation matrix R:
0.984067	0.0158064	-0.177096
-0.0208306	0.999431	-0.0265469
0.176576	0.0298129	0.983835
