XYZ rotation is: [-3.88838e-10, 1.20726e-09, -3.29172e-09]
Rotation matrix C1MO (O to C1):
1	3.29172e-09	1.20726e-09
-3.29172e-09	1	3.88838e-10
-1.20726e-09	-3.88838e-10	1
XYZ rotation is: [0.0100758, -0.154889, 0.00903315]
Rotation matrix C2MO (O to C2):
0.987988	-0.0105869	-0.154165
0.00892489	0.999894	-0.0114687
0.15427	0.00995506	0.987979
XYZ rotation is: [0.0100758, -0.154889, 0.00903315]
Rotation matrix R:
0.987988	-0.0105869	-0.154165
0.00892489	0.999894	-0.0114687
0.15427	0.00995506	0.987979
