XYZ rotation is: [2.80118e-07, -1.03938e-07, -6.19355e-08]
Rotation matrix C1MO (O to C1):
1	6.19354e-08	-1.03938e-07
-6.19355e-08	1	-2.80118e-07
1.03938e-07	2.80118e-07	1
XYZ rotation is: [-0.0242597, -0.293241, 0.0134762]
Rotation matrix C2MO (O to C2):
0.957225	-0.00646071	-0.289272
0.0129005	0.999709	0.020361
0.289056	-0.0232218	0.95703
XYZ rotation is: [-0.02426, -0.293241, 0.0134762]
Rotation matrix R:
0.957225	-0.00646068	-0.289272
0.0129006	0.999709	0.0203613
0.289056	-0.0232221	0.95703
