XYZ rotation is: [-2.98655e-09, -4.81425e-08, 6.45067e-10]
Rotation matrix C1MO (O to C1):
1	-6.45067e-10	-4.81425e-08
6.45067e-10	1	2.98655e-09
4.81425e-08	-2.98655e-09	1
XYZ rotation is: [0.0142791, 0.443806, 0.00468176]
Rotation matrix C2MO (O to C2):
0.903114	0.00144962	0.429398
0.00422819	0.999916	-0.0122684
-0.42938	0.0128954	0.903032
XYZ rotation is: [0.0142791, 0.443806, 0.00468176]
Rotation matrix R:
0.903114	0.00144962	0.429398
0.00422819	0.999916	-0.0122684
-0.42938	0.0128954	0.903032
