XYZ rotation is: [-2.48382e-09, -1.58959e-08, 2.55609e-09]
Rotation matrix C1MO (O to C1):
1	-2.55609e-09	-1.58959e-08
2.55609e-09	1	2.48382e-09
1.58959e-08	-2.48382e-09	1
XYZ rotation is: [-0.00237064, -0.170949, 0.00539886]
Rotation matrix C2MO (O to C2):
0.985409	-0.00499554	-0.170127
0.00532014	0.999985	0.00145217
0.170118	-0.00233609	0.985421
XYZ rotation is: [-0.00237064, -0.170949, 0.00539886]
Rotation matrix R:
0.985409	-0.00499553	-0.170127
0.00532014	0.999985	0.00145217
0.170118	-0.00233608	0.985421
