XYZ rotation is: [4.49092e-09, 6.65637e-10, 2.44574e-09]
Rotation matrix C1MO (O to C1):
1	-2.44574e-09	6.65637e-10
2.44574e-09	1	-4.49092e-09
-6.65637e-10	4.49092e-09	1
XYZ rotation is: [-0.00404781, -0.0918229, 0.00443491]
Rotation matrix C2MO (O to C2):
0.995777	-0.00406371	-0.0917102
0.00441622	0.999984	0.00364111
0.0916939	-0.00403075	0.995779
XYZ rotation is: [-0.00404782, -0.0918229, 0.00443491]
Rotation matrix R:
0.995777	-0.00406371	-0.0917102
0.00441621	0.999984	0.00364112
0.0916939	-0.00403075	0.995779
