XYZ rotation is: [4.06155e-08, -1.73913e-08, 1.19241e-09]
Rotation matrix C1MO (O to C1):
1	-1.19241e-09	-1.73913e-08
1.19241e-09	1	-4.06155e-08
1.73913e-08	4.06155e-08	1
XYZ rotation is: [-0.0051845, -0.120656, -0.00286813]
Rotation matrix C2MO (O to C2):
0.992726	0.0034921	-0.120346
-0.00284727	0.999981	0.00552967
0.120363	-0.00514679	0.992717
XYZ rotation is: [-0.00518454, -0.120656, -0.00286813]
Rotation matrix R:
0.992726	0.00349211	-0.120346
-0.00284727	0.999981	0.00552971
0.120363	-0.00514683	0.992717
