XYZ rotation is: [1.66899e-08, 2.80083e-08, 1.03859e-09]
Rotation matrix C1MO (O to C1):
1	-1.03859e-09	2.80083e-08
1.03859e-09	1	-1.66899e-08
-2.80083e-08	1.66899e-08	1
XYZ rotation is: [-0.00238389, -0.124397, -0.00121344]
Rotation matrix C2MO (O to C2):
0.992272	0.00150922	-0.124073
-0.00120406	0.999996	0.00253445
0.124077	-0.00236547	0.99227
XYZ rotation is: [-0.00238391, -0.124397, -0.00121344]
Rotation matrix R:
0.992272	0.00150922	-0.124073
-0.00120406	0.999996	0.00253446
0.124077	-0.00236549	0.99227
