XYZ rotation is: [1.81985e-08, -2.58128e-10, 1.30592e-09]
Rotation matrix C1MO (O to C1):
1	-1.30592e-09	-2.58128e-10
1.30592e-09	1	-1.81985e-08
2.58128e-10	1.81985e-08	1
XYZ rotation is: [-0.000381948, -0.108232, -0.00252008]
Rotation matrix C2MO (O to C2):
0.994145	0.00256134	-0.10802
-0.00250533	0.999997	0.000654169
0.108021	-0.000379713	0.994149
XYZ rotation is: [-0.000381966, -0.108232, -0.00252008]
Rotation matrix R:
0.994145	0.00256134	-0.10802
-0.00250533	0.999997	0.000654187
0.108021	-0.000379731	0.994149
