XYZ rotation is: [1.99947e-08, -1.54582e-08, 3.91432e-10]
Rotation matrix C1MO (O to C1):
1	-3.91432e-10	-1.54582e-08
3.91432e-10	1	-1.99947e-08
1.54582e-08	1.99947e-08	1
XYZ rotation is: [0.0119995, -0.100597, -4.18604e-05]
Rotation matrix C2MO (O to C2):
0.994944	-0.00116318	-0.10042
-4.16488e-05	0.999928	-0.011995
0.100427	0.0119385	0.994873
XYZ rotation is: [0.0119994, -0.100597, -4.18606e-05]
Rotation matrix R:
0.994944	-0.00116318	-0.10042
-4.1649e-05	0.999928	-0.0119949
0.100427	0.0119385	0.994873
