XYZ rotation is: [-5.07797e-09, -1.30225e-08, -1.54709e-09]
Rotation matrix C1MO (O to C1):
1	1.54709e-09	-1.30225e-08
-1.54709e-09	1	5.07797e-09
1.30225e-08	-5.07797e-09	1
XYZ rotation is: [-0.0293299, -0.0844294, -0.00905808]
Rotation matrix C2MO (O to C2):
0.996397	0.011527	-0.0840238
-0.00902569	0.999507	0.030088
0.0843291	-0.0292213	0.996009
XYZ rotation is: [-0.0293299, -0.0844294, -0.00905808]
Rotation matrix R:
0.996397	0.011527	-0.0840238
-0.00902569	0.999507	0.030088
0.0843291	-0.0292213	0.996009
