XYZ rotation is: [3.42948e-08, 1.70307e-08, 1.57085e-09]
Rotation matrix C1MO (O to C1):
1	-1.57085e-09	1.70307e-08
1.57085e-09	1	-3.42948e-08
-1.70307e-08	3.42948e-08	1
XYZ rotation is: [-0.000118175, -0.12964, -0.0012354]
Rotation matrix C2MO (O to C2):
0.991608	0.00125068	-0.129277
-0.00122504	0.999999	0.000277884
0.129277	-0.000117184	0.991609
XYZ rotation is: [-0.000118209, -0.12964, -0.00123541]
Rotation matrix R:
0.991608	0.00125069	-0.129277
-0.00122504	0.999999	0.000277919
0.129277	-0.000117217	0.991609
