XYZ rotation is: [3.73669e-08, 1.4462e-08, -1.77851e-09]
Rotation matrix C1MO (O to C1):
1	1.77851e-09	1.4462e-08
-1.77851e-09	1	-3.73669e-08
-1.4462e-08	3.73669e-08	1
XYZ rotation is: [-0.0135524, -0.123751, -0.00428965]
Rotation matrix C2MO (O to C2):
0.992344	0.00596202	-0.123364
-0.00425683	0.999892	0.0140813
0.123435	-0.0134483	0.992262
XYZ rotation is: [-0.0135524, -0.123751, -0.00428965]
Rotation matrix R:
0.992344	0.00596202	-0.123364
-0.00425683	0.999892	0.0140813
0.123435	-0.0134484	0.992262
