XYZ rotation is: [9.20869e-08, 5.31186e-07, -1.97806e-09]
Rotation matrix C1MO (O to C1):
1	1.97811e-09	5.31186e-07
-1.97806e-09	1	-9.20869e-08
-5.31186e-07	9.20869e-08	1
XYZ rotation is: [0.0176622, -0.603658, -0.00747371]
Rotation matrix C2MO (O to C2):
0.823242	-0.00255281	-0.567685
-0.00615278	0.999891	-0.013419
0.567658	0.0145399	0.823136
XYZ rotation is: [0.0176621, -0.603658, -0.00747371]
Rotation matrix R:
0.823241	-0.00255276	-0.567686
-0.00615279	0.999891	-0.0134189
0.567658	0.0145398	0.823136
