XYZ rotation is: [-4.78945e-09, 2.87041e-09, 3.25764e-09]
Rotation matrix C1MO (O to C1):
1	-3.25764e-09	2.87041e-09
3.25764e-09	1	4.78945e-09
-2.87041e-09	-4.78945e-09	1
XYZ rotation is: [0.183611, -0.645861, -0.154099]
Rotation matrix C2MO (O to C2):
0.789119	0.0423191	-0.612781
-0.122574	0.988408	-0.089587
0.601886	0.145806	0.785158
XYZ rotation is: [0.183611, -0.645861, -0.154099]
Rotation matrix R:
0.789119	0.0423191	-0.612781
-0.122574	0.988408	-0.089587
0.601886	0.145806	0.785158
