XYZ rotation is: [-4.27183e-10, -4.78602e-09, 7.17694e-09]
Rotation matrix C1MO (O to C1):
1	-7.17694e-09	-4.78602e-09
7.17694e-09	1	4.27183e-10
4.78602e-09	-4.27183e-10	1
XYZ rotation is: [-0.0108963, -0.0605345, -0.005371]
Rotation matrix C2MO (O to C2):
0.998154	0.00602983	-0.0604346
-0.00536114	0.999923	0.0112208
0.0604976	-0.0108761	0.998109
XYZ rotation is: [-0.0108963, -0.0605345, -0.00537101]
Rotation matrix R:
0.998154	0.00602984	-0.0604346
-0.00536114	0.999923	0.0112208
0.0604976	-0.0108761	0.998109
