XYZ rotation is: [1.83234e-09, -3.59607e-09, 1.76181e-08]
Rotation matrix C1MO (O to C1):
1	-1.76181e-08	-3.59607e-09
1.76181e-08	1	-1.83234e-09
3.59607e-09	1.83234e-09	1
XYZ rotation is: [0.000188064, 0.0679118, 0.00284348]
Rotation matrix C2MO (O to C2):
0.997691	-0.00283072	0.0678599
0.00283693	0.999996	4.89451e-06
-0.0678596	0.00018763	0.997695
XYZ rotation is: [0.000188061, 0.0679118, 0.00284347]
Rotation matrix R:
0.997691	-0.0028307	0.0678599
0.00283691	0.999996	4.89635e-06
-0.0678596	0.000187627	0.997695
