XYZ rotation is: [-6.35341e-08, -1.43057e-07, -1.0068e-07]
Rotation matrix C1MO (O to C1):
1	1.0068e-07	-1.43057e-07
-1.0068e-07	1	6.35341e-08
1.43057e-07	-6.35341e-08	1
XYZ rotation is: [0.00268134, -0.320064, -0.0694436]
Rotation matrix C2MO (O to C2):
0.946928	0.068546	-0.314054
-0.065864	0.997645	0.0191563
0.314627	0.00254517	0.949212
XYZ rotation is: [0.00268137, -0.320064, -0.0694435]
Rotation matrix R:
0.946928	0.0685459	-0.314053
-0.0658639	0.997645	0.0191563
0.314627	0.0025452	0.949212
