XYZ rotation is: [1.1182e-09, 1.67534e-08, -1.07378e-08]
Rotation matrix C1MO (O to C1):
1	1.07378e-08	1.67534e-08
-1.07378e-08	1	-1.1182e-09
-1.67534e-08	1.1182e-09	1
XYZ rotation is: [0.00795703, 0.745346, 0.00845155]
Rotation matrix C2MO (O to C2):
0.734827	-0.00305477	0.678248
0.00621058	0.999978	-0.00222485
-0.678226	0.00584719	0.73483
XYZ rotation is: [0.00795704, 0.745346, 0.00845157]
Rotation matrix R:
0.734827	-0.00305478	0.678248
0.00621059	0.999978	-0.00222485
-0.678226	0.00584719	0.73483
