XYZ rotation is: [3.76548e-08, 5.01525e-09, -1.57058e-08]
Rotation matrix C1MO (O to C1):
1	1.57058e-08	5.01525e-09
-1.57058e-08	1	-3.76548e-08
-5.01525e-09	3.76548e-08	1
XYZ rotation is: [0.0202631, -0.22194, -0.0221606]
Rotation matrix C2MO (O to C2):
0.975233	0.0176953	-0.220472
-0.0216153	0.999648	-0.0153801
0.220122	0.0197648	0.975272
XYZ rotation is: [0.0202631, -0.22194, -0.0221606]
Rotation matrix R:
0.975233	0.0176953	-0.220472
-0.0216153	0.999648	-0.0153801
0.220122	0.0197647	0.975272
