XYZ rotation is: [-9.38926e-09, -2.89084e-08, -1.91262e-09]
Rotation matrix C1MO (O to C1):
1	1.91262e-09	-2.89084e-08
-1.91262e-09	1	9.38926e-09
2.89084e-08	-9.38926e-09	1
XYZ rotation is: [0.204687, 0.18763, 0.00347497]
Rotation matrix C2MO (O to C2):
0.982443	0.0345117	0.183342
0.00341398	0.979251	-0.202625
-0.186531	0.199693	0.96194
XYZ rotation is: [0.204687, 0.18763, 0.00347498]
Rotation matrix R:
0.982443	0.0345117	0.183342
0.00341398	0.97925	-0.202625
-0.186531	0.199693	0.96194
