XYZ rotation is: [-5.9933e-09, -1.87149e-08, 6.27186e-09]
Rotation matrix C1MO (O to C1):
1	-6.27186e-09	-1.87149e-08
6.27186e-09	1	5.9933e-09
1.87149e-08	-5.9933e-09	1
XYZ rotation is: [0.00501987, 0.740424, 0.0107739]
Rotation matrix C2MO (O to C2):
0.73814	-0.0073874	0.674607
0.00795299	0.999966	0.00224832
-0.674601	0.00370557	0.738173
XYZ rotation is: [0.00501987, 0.740424, 0.0107739]
Rotation matrix R:
0.73814	-0.00738739	0.674607
0.00795298	0.999966	0.00224832
-0.674601	0.00370557	0.738173
