XYZ rotation is: [4.12972e-08, 5.55926e-09, 5.72996e-09]
Rotation matrix C1MO (O to C1):
1	-5.72996e-09	5.55926e-09
5.72996e-09	1	-4.12972e-08
-5.55926e-09	4.12972e-08	1
XYZ rotation is: [0.0419292, 0.552307, 0.0180801]
Rotation matrix C2MO (O to C2):
0.851177	0.003925	0.524864
0.0153911	0.999355	-0.0324332
-0.524653	0.0356846	0.850568
XYZ rotation is: [0.0419292, 0.552307, 0.0180801]
Rotation matrix R:
0.851177	0.00392499	0.524864
0.0153911	0.999355	-0.0324331
-0.524653	0.0356845	0.850568
