XYZ rotation is: [1.85799e-08, 8.69124e-08, 7.97545e-09]
Rotation matrix C1MO (O to C1):
1	-7.97545e-09	8.69124e-08
7.97545e-09	1	-1.85799e-08
-8.69124e-08	1.85799e-08	1
XYZ rotation is: [0.00369121, -0.0102739, -0.00277846]
Rotation matrix C2MO (O to C2):
0.999943	0.00274051	-0.0102839
-0.00277831	0.999989	-0.00366265
0.0102738	0.00369101	0.99994
XYZ rotation is: [0.0036912, -0.010274, -0.00277846]
Rotation matrix R:
0.999943	0.00274052	-0.010284
-0.00277831	0.999989	-0.00366263
0.0102739	0.00369099	0.99994
