XYZ rotation is: [3.25913e-08, -1.22852e-08, -8.71622e-09]
Rotation matrix C1MO (O to C1):
1	8.71622e-09	-1.22852e-08
-8.71622e-09	1	-3.25913e-08
1.22852e-08	3.25913e-08	1
XYZ rotation is: [-0.0191875, 0.0669883, 0.013738]
Rotation matrix C2MO (O to C2):
0.997663	-0.0150193	0.066656
0.0137068	0.999704	0.0201039
-0.0669382	-0.0191433	0.997573
XYZ rotation is: [-0.0191876, 0.0669883, 0.0137381]
Rotation matrix R:
0.997663	-0.0150193	0.066656
0.0137068	0.999704	0.020104
-0.0669383	-0.0191434	0.997573
