XYZ rotation is: [1.38645e-07, -1.92787e-07, -1.58079e-08]
Rotation matrix C1MO (O to C1):
1	1.58079e-08	-1.92787e-07
-1.58079e-08	1	-1.38645e-07
1.92787e-07	1.38645e-07	1
XYZ rotation is: [0.00451285, -0.0279502, 0.00192722]
Rotation matrix C2MO (O to C2):
0.999608	-0.00205331	-0.0279375
0.00192646	0.999988	-0.00456668
0.0279465	0.00451107	0.999599
XYZ rotation is: [0.00451271, -0.02795, 0.00192723]
Rotation matrix R:
0.999608	-0.00205333	-0.0279373
0.00192648	0.999988	-0.00456654
0.0279463	0.00451093	0.999599
