XYZ rotation is: [-3.28168e-11, 1.30027e-09, -1.99231e-09]
Rotation matrix C1MO (O to C1):
1	1.99231e-09	1.30027e-09
-1.99231e-09	1	3.28168e-11
-1.30027e-09	-3.28168e-11	1
XYZ rotation is: [0.205628, -0.0431928, -0.0193184]
Rotation matrix C2MO (O to C2):
0.998881	0.0100954	-0.046206
-0.0192992	0.978921	-0.203327
0.0431794	0.203991	0.97802
XYZ rotation is: [0.205628, -0.0431928, -0.0193184]
Rotation matrix R:
0.998881	0.0100954	-0.046206
-0.0192992	0.978921	-0.203327
0.0431794	0.203991	0.97802
