XYZ rotation is: [1.38914e-07, 2.39307e-08, -1.74369e-08]
Rotation matrix C1MO (O to C1):
1	1.74369e-08	2.39307e-08
-1.74369e-08	1	-1.38914e-07
-2.39307e-08	1.38914e-07	1
XYZ rotation is: [-0.0039543, -0.161179, -0.000671032]
Rotation matrix C2MO (O to C2):
0.987039	0.00130562	-0.160478
-0.000662334	0.999992	0.00406197
0.160482	-0.00390304	0.987031
XYZ rotation is: [-0.00395444, -0.161179, -0.000671014]
Rotation matrix R:
0.987039	0.00130562	-0.160478
-0.000662317	0.999992	0.00406211
0.160482	-0.00390318	0.987031
