XYZ rotation is: [-3.47154e-09, 3.46028e-09, 2.33839e-09]
Rotation matrix C1MO (O to C1):
1	-2.33839e-09	3.46028e-09
2.33839e-09	1	3.47154e-09
-3.46028e-09	-3.47154e-09	1
XYZ rotation is: [0.0139308, -0.14643, -0.00352041]
Rotation matrix C2MO (O to C2):
0.989292	0.00148754	-0.145941
-0.00348273	0.999904	-0.0134166
0.145907	0.0137812	0.989202
XYZ rotation is: [0.0139308, -0.14643, -0.00352041]
Rotation matrix R:
0.989292	0.00148754	-0.145941
-0.00348273	0.999904	-0.0134166
0.145907	0.0137812	0.989202
