XYZ rotation is: [-1.01826e-09, 2.09497e-09, 3.67606e-09]
Rotation matrix C1MO (O to C1):
1	-3.67606e-09	2.09497e-09
3.67606e-09	1	1.01826e-09
-2.09497e-09	-1.01826e-09	1
XYZ rotation is: [0.017541, 0.269459, 0.0159515]
Rotation matrix C2MO (O to C2):
0.963792	-0.0112796	0.266415
0.0153752	0.999793	-0.0132923
-0.26621	0.0169072	0.963767
XYZ rotation is: [0.017541, 0.269459, 0.0159515]
Rotation matrix R:
0.963792	-0.0112796	0.266415
0.0153752	0.999793	-0.0132923
-0.26621	0.0169072	0.963767
