XYZ rotation is: [-9.39282e-08, -2.71574e-07, 2.11046e-08]
Rotation matrix C1MO (O to C1):
1	-2.11046e-08	-2.71574e-07
2.11046e-08	1	9.39282e-08
2.71574e-07	-9.39282e-08	1
XYZ rotation is: [0.0797011, -0.723698, -0.0278516]
Rotation matrix C2MO (O to C2):
0.749072	-0.024939	-0.662019
-0.0208683	0.997907	-0.0612046
0.66216	0.0596618	0.746983
XYZ rotation is: [0.0797012, -0.723698, -0.0278516]
Rotation matrix R:
0.749072	-0.024939	-0.662019
-0.0208683	0.997907	-0.0612047
0.66216	0.0596619	0.746984
