XYZ rotation is: [-1.33208e-07, 6.27802e-08, 3.73742e-08]
Rotation matrix C1MO (O to C1):
1	-3.73742e-08	6.27802e-08
3.73742e-08	1	1.33208e-07
-6.27802e-08	-1.33208e-07	1
XYZ rotation is: [0.0507259, -0.00768193, 0.00299929]
Rotation matrix C2MO (O to C2):
0.999966	-0.00338493	-0.00751986
0.0029992	0.998708	-0.050727
0.00768185	0.0507027	0.998684
XYZ rotation is: [0.0507261, -0.00768199, 0.00299925]
Rotation matrix R:
0.999966	-0.00338489	-0.00751993
0.00299916	0.998708	-0.0507271
0.00768192	0.0507028	0.998684
