XYZ rotation is: [6.84585e-09, 1.00412e-07, -1.0523e-08]
Rotation matrix C1MO (O to C1):
1	1.0523e-08	1.00412e-07
-1.0523e-08	1	-6.84585e-09
-1.00412e-07	6.84585e-09	1
XYZ rotation is: [-0.0176041, 0.634477, -0.000908837]
Rotation matrix C2MO (O to C2):
0.805382	-0.00952573	0.59268
-0.000731961	0.999854	0.0170646
-0.592756	-0.0141773	0.805257
XYZ rotation is: [-0.0176041, 0.634477, -0.000908822]
Rotation matrix R:
0.805382	-0.00952574	0.59268
-0.000731948	0.999854	0.0170646
-0.592756	-0.0141773	0.805257
