XYZ rotation is: [-9.74323e-09, -5.97062e-08, 1.09726e-08]
Rotation matrix C1MO (O to C1):
1	-1.09726e-08	-5.97062e-08
1.09726e-08	1	9.74323e-09
5.97062e-08	-9.74323e-09	1
XYZ rotation is: [-0.105079, 0.33391, -0.0256321]
Rotation matrix C2MO (O to C2):
0.944458	-0.00887598	0.328513
-0.0242138	0.995039	0.0964978
-0.32774	-0.0990926	0.939557
XYZ rotation is: [-0.105079, 0.333911, -0.0256321]
Rotation matrix R:
0.944458	-0.00887597	0.328513
-0.0242138	0.995039	0.0964978
-0.32774	-0.0990926	0.939557
