XYZ rotation is: [2.21531e-08, 1.52151e-07, -5.71697e-09]
Rotation matrix C1MO (O to C1):
1	5.71697e-09	1.52151e-07
-5.71697e-09	1	-2.21531e-08
-1.52151e-07	2.21531e-08	1
XYZ rotation is: [0.0102882, 0.109546, 0.00233759]
Rotation matrix C2MO (O to C2):
0.994003	-0.00121269	0.109345
0.00232357	0.999947	-0.0100325
-0.109328	0.0102264	0.993953
XYZ rotation is: [0.0102882, 0.109546, 0.00233759]
Rotation matrix R:
0.994003	-0.0012127	0.109345
0.00232358	0.999947	-0.0100325
-0.109327	0.0102264	0.993953
