XYZ rotation is: [1.34004e-08, 1.05495e-07, 4.31107e-09]
Rotation matrix C1MO (O to C1):
1	-4.31107e-09	1.05495e-07
4.31107e-09	1	-1.34004e-08
-1.05495e-07	1.34004e-08	1
XYZ rotation is: [0.0212823, 0.394272, -0.0102331]
Rotation matrix C2MO (O to C2):
0.923228	0.0184048	0.383811
-0.00944779	0.999638	-0.0252095
-0.384136	0.0196479	0.923067
XYZ rotation is: [0.0212823, 0.394272, -0.0102331]
Rotation matrix R:
0.923228	0.0184048	0.383811
-0.0094478	0.999638	-0.0252095
-0.384136	0.0196479	0.923067
