XYZ rotation is: [9.82858e-08, 1.11587e-08, 1.1897e-08]
Rotation matrix C1MO (O to C1):
1	-1.1897e-08	1.11587e-08
1.1897e-08	1	-9.82858e-08
-1.11587e-08	9.82858e-08	1
XYZ rotation is: [-0.0255063, 0.135226, 0.00252566]
Rotation matrix C2MO (O to C2):
0.990868	-0.00596306	0.134705
0.0025026	0.999663	0.0258438
-0.134814	-0.0252707	0.990549
XYZ rotation is: [-0.0255064, 0.135226, 0.00252565]
Rotation matrix R:
0.990868	-0.00596306	0.134705
0.00250259	0.999663	0.0258439
-0.134814	-0.0252708	0.990549
