XYZ rotation is: [1.63333e-07, 1.92683e-07, -2.32289e-08]
Rotation matrix C1MO (O to C1):
1	2.32289e-08	1.92683e-07
-2.32289e-08	1	-1.63333e-07
-1.92683e-07	1.63333e-07	1
XYZ rotation is: [0.0795511, -0.138406, -0.0306703]
Rotation matrix C2MO (O to C2):
0.989971	0.01961	-0.139901
-0.0303722	0.996705	-0.0752125
0.137965	0.0787073	0.987305
XYZ rotation is: [0.0795509, -0.138407, -0.0306703]
Rotation matrix R:
0.989971	0.01961	-0.139901
-0.0303722	0.996705	-0.0752123
0.137965	0.0787071	0.987305
