XYZ rotation is: [4.13591e-08, 5.41347e-09, -7.09359e-09]
Rotation matrix C1MO (O to C1):
1	7.09359e-09	5.41347e-09
-7.09359e-09	1	-4.13591e-08
-5.41347e-09	4.13591e-08	1
XYZ rotation is: [-0.0276167, -0.221442, 0.012687]
Rotation matrix C2MO (O to C2):
0.975503	-0.00661747	-0.219885
0.0123769	0.999615	0.0248256
0.219637	-0.026939	0.97521
XYZ rotation is: [-0.0276168, -0.221442, 0.012687]
Rotation matrix R:
0.975503	-0.00661747	-0.219885
0.0123769	0.999615	0.0248256
0.219637	-0.026939	0.97521
