XYZ rotation is: [-2.62488e-07, -8.21918e-07, 4.36515e-08]
Rotation matrix C1MO (O to C1):
1	-4.36512e-08	-8.21918e-07
4.36515e-08	1	2.62488e-07
8.21918e-07	-2.62488e-07	1
XYZ rotation is: [-0.0134953, 0.381151, 0.00258175]
Rotation matrix C2MO (O to C2):
0.928234	-0.00760144	0.371919
0.00239647	0.999893	0.0144551
-0.371989	-0.0125265	0.928153
XYZ rotation is: [-0.0134951, 0.381152, 0.00258169]
Rotation matrix R:
0.928234	-0.0076013	0.37192
0.00239642	0.999893	0.0144549
-0.37199	-0.0125262	0.928152
