XYZ rotation is: [4.58717e-08, -3.0321e-07, -4.94671e-08]
Rotation matrix C1MO (O to C1):
1	4.94671e-08	-3.0321e-07
-4.94671e-08	1	-4.58717e-08
3.0321e-07	4.58717e-08	1
XYZ rotation is: [0.0373248, -0.290311, -0.00665099]
Rotation matrix C2MO (O to C2):
0.958134	-0.00403519	-0.286292
-0.00637263	0.999352	-0.0354128
0.28625	0.0357546	0.957488
XYZ rotation is: [0.0373247, -0.29031, -0.00665092]
Rotation matrix R:
0.958134	-0.00403523	-0.286292
-0.00637257	0.999352	-0.0354127
0.28625	0.0357545	0.957488
