XYZ rotation is: [3.42604e-07, 8.49019e-07, -9.72973e-08]
Rotation matrix C1MO (O to C1):
1	9.72976e-08	8.49019e-07
-9.72973e-08	1	-3.42604e-07
-8.49019e-07	3.42604e-07	1
XYZ rotation is: [-0.0192413, 0.355149, 0.00242996]
Rotation matrix C2MO (O to C2):
0.937592	-0.00911985	0.347618
0.00227832	0.999796	0.0200849
-0.34773	-0.0180394	0.937421
XYZ rotation is: [-0.0192416, 0.355148, 0.00243008]
Rotation matrix R:
0.937592	-0.00912006	0.347617
0.00227843	0.999796	0.0200852
-0.347729	-0.0180397	0.937422
