XYZ rotation is: [4.30368e-09, 7.34222e-08, 5.94791e-09]
Rotation matrix C1MO (O to C1):
1	-5.94791e-09	7.34222e-08
5.94791e-09	1	-4.30368e-09
-7.34222e-08	4.30368e-09	1
XYZ rotation is: [0.0245802, 0.0434961, 0.00365807]
Rotation matrix C2MO (O to C2):
0.999048	-0.00258826	0.0435589
0.0036546	0.999695	-0.0244186
-0.0434824	0.0245545	0.998752
XYZ rotation is: [0.0245802, 0.043496, 0.00365806]
Rotation matrix R:
0.999048	-0.00258826	0.0435588
0.00365459	0.999695	-0.0244186
-0.0434823	0.0245545	0.998752
