XYZ rotation is: [4.93803e-08, -6.51963e-09, -7.42052e-09]
Rotation matrix C1MO (O to C1):
1	7.42052e-09	-6.51963e-09
-7.42052e-09	1	-4.93803e-08
6.51963e-09	4.93803e-08	1
XYZ rotation is: [-0.0863698, 0.353863, 0.00758257]
Rotation matrix C2MO (O to C2):
0.938014	-0.0374454	0.344568
0.0071127	0.996017	0.0888777
-0.346524	-0.0809177	0.934545
XYZ rotation is: [-0.0863698, 0.353863, 0.00758258]
Rotation matrix R:
0.938014	-0.0374454	0.344568
0.0071127	0.996017	0.0888777
-0.346524	-0.0809178	0.934545
