XYZ rotation is: [-1.33629e-07, 6.0736e-09, 2.79756e-08]
Rotation matrix C1MO (O to C1):
1	-2.79756e-08	6.0736e-09
2.79756e-08	1	1.33629e-07
-6.0736e-09	-1.33629e-07	1
XYZ rotation is: [-0.0146758, 0.105852, 0.00149707]
Rotation matrix C2MO (O to C2):
0.994402	-0.00304741	0.105621
0.00148869	0.999889	0.0148334
-0.105654	-0.0145931	0.994296
XYZ rotation is: [-0.0146756, 0.105852, 0.00149704]
Rotation matrix R:
0.994402	-0.00304737	0.105621
0.00148866	0.999889	0.0148333
-0.105654	-0.014593	0.994296
