XYZ rotation is: [1.61025e-08, 1.65883e-08, 2.49149e-09]
Rotation matrix C1MO (O to C1):
1	-2.49149e-09	1.65883e-08
2.49149e-09	1	-1.61025e-08
-1.65883e-08	1.61025e-08	1
XYZ rotation is: [0.00726419, 0.0118322, 0.00184129]
Rotation matrix C2MO (O to C2):
0.999928	-0.00175529	0.011845
0.00184116	0.999972	-0.00724233
-0.0118319	0.00726362	0.999904
XYZ rotation is: [0.00726418, 0.0118322, 0.00184129]
Rotation matrix R:
0.999928	-0.00175529	0.011845
0.00184116	0.999972	-0.00724232
-0.0118319	0.0072636	0.999904
