XYZ rotation is: [-1.4871e-09, 1.64001e-08, -1.36048e-09]
Rotation matrix C1MO (O to C1):
1	1.36048e-09	1.64001e-08
-1.36048e-09	1	1.4871e-09
-1.64001e-08	-1.4871e-09	1
XYZ rotation is: [0.0109068, -0.0119592, 0.000545642]
Rotation matrix C2MO (O to C2):
0.999928	-0.000676041	-0.0119522
0.000545603	0.99994	-0.0109132
0.0119589	0.0109058	0.999869
XYZ rotation is: [0.0109068, -0.0119592, 0.000545643]
Rotation matrix R:
0.999928	-0.000676042	-0.0119522
0.000545604	0.99994	-0.0109132
0.0119589	0.0109059	0.999869
