XYZ rotation is: [-1.90841e-08, -4.8322e-10, 4.23691e-09]
Rotation matrix C1MO (O to C1):
1	-4.23691e-09	-4.8322e-10
4.23691e-09	1	1.90841e-08
4.8322e-10	-1.90841e-08	1
XYZ rotation is: [-0.00324096, -0.0805246, 0.000236638]
Rotation matrix C2MO (O to C2):
0.99676	2.40578e-05	-0.080438
0.000235872	0.999995	0.00322192
0.0804376	-0.00323046	0.996754
XYZ rotation is: [-0.00324094, -0.0805246, 0.000236634]
Rotation matrix R:
0.99676	2.40605e-05	-0.080438
0.000235867	0.999995	0.0032219
0.0804376	-0.00323044	0.996754
