XYZ rotation is: [3.95573e-08, 1.9427e-08, 5.26122e-09]
Rotation matrix C1MO (O to C1):
1	-5.26122e-09	1.9427e-08
5.26122e-09	1	-3.95573e-08
-1.9427e-08	3.95573e-08	1
XYZ rotation is: [0.018298, 0.0761783, -0.00409964]
Rotation matrix C2MO (O to C2):
0.997091	0.00549142	0.0760163
-0.00408774	0.999818	-0.0186088
-0.0761046	0.0182439	0.996933
XYZ rotation is: [0.018298, 0.0761783, -0.00409965]
Rotation matrix R:
0.997091	0.00549142	0.0760162
-0.00408775	0.999818	-0.0186088
-0.0761046	0.0182439	0.996933
