XYZ rotation is: [1.09772e-09, 4.43044e-10, -1.96402e-11]
Rotation matrix C1MO (O to C1):
1	1.96402e-11	4.43044e-10
-1.96402e-11	1	-1.09772e-09
-4.43044e-10	1.09772e-09	1
XYZ rotation is: [0.0856379, 0.0648878, 0.0116299]
Rotation matrix C2MO (O to C2):
0.997828	-0.00604124	0.065595
0.0116052	0.996332	-0.0847761
-0.0648422	0.0853533	0.994239
XYZ rotation is: [0.0856379, 0.0648878, 0.0116299]
Rotation matrix R:
0.997828	-0.00604124	0.065595
0.0116052	0.996332	-0.0847761
-0.0648422	0.0853533	0.994239
