XYZ rotation is: [2.37602e-06, -5.43473e-08, 1.12931e-06]
Rotation matrix C1MO (O to C1):
1	-1.12931e-06	-5.43446e-08
1.12931e-06	1	-2.37602e-06
5.43473e-08	2.37602e-06	1
XYZ rotation is: [1.87973, 0.299478, 0.451438]
Rotation matrix C2MO (O to C2):
0.85977	0.385542	0.334893
0.416842	-0.150973	-0.896354
-0.295022	0.910255	-0.290512
XYZ rotation is: [1.87973, 0.29948, 0.451438]
Rotation matrix R:
0.85977	0.385542	0.334894
0.416842	-0.15097	-0.896354
-0.295023	0.910256	-0.29051
