XYZ rotation is: [7.44579e-10, -7.6076e-09, -4.0999e-09]
Rotation matrix C1MO (O to C1):
1	4.0999e-09	-7.6076e-09
-4.0999e-09	1	-7.44579e-10
7.6076e-09	7.44579e-10	1
XYZ rotation is: [-0.00986053, -0.101408, -0.00421902]
Rotation matrix C2MO (O to C2):
0.994854	0.005217	-0.101186
-0.00419733	0.999938	0.0102874
0.101234	-0.00980971	0.994814
XYZ rotation is: [-0.00986053, -0.101408, -0.00421902]
Rotation matrix R:
0.994854	0.00521699	-0.101186
-0.00419733	0.999938	0.0102874
0.101234	-0.00980971	0.994814
