XYZ rotation is: [8.85273e-09, -1.27147e-08, -1.04407e-08]
Rotation matrix C1MO (O to C1):
1	1.04407e-08	-1.27147e-08
-1.04407e-08	1	-8.85273e-09
1.27147e-08	8.85273e-09	1
XYZ rotation is: [0.00498137, -0.166518, -0.0016074]
Rotation matrix C2MO (O to C2):
0.986167	0.000781726	-0.165755
-0.00158517	0.999988	-0.00471492
0.165749	0.00491245	0.986156
XYZ rotation is: [0.00498136, -0.166518, -0.00160739]
Rotation matrix R:
0.986167	0.000781717	-0.165755
-0.00158516	0.999988	-0.00471491
0.165749	0.00491244	0.986156
