XYZ rotation is: [-6.35054e-09, -9.43505e-09, -2.01681e-09]
Rotation matrix C1MO (O to C1):
1	2.01681e-09	-9.43505e-09
-2.01681e-09	1	6.35054e-09
9.43505e-09	-6.35054e-09	1
XYZ rotation is: [-0.0030619, -0.524538, -0.00415931]
Rotation matrix C2MO (O to C2):
0.865548	0.00569271	-0.500794
-0.00360011	0.99998	0.00514489
0.500813	-0.00265024	0.865551
XYZ rotation is: [-0.0030619, -0.524538, -0.00415931]
Rotation matrix R:
0.865548	0.0056927	-0.500794
-0.0036001	0.99998	0.00514489
0.500813	-0.00265024	0.865551
