XYZ rotation is: [-8.09921e-09, -9.21849e-11, 1.06192e-09]
Rotation matrix C1MO (O to C1):
1	-1.06192e-09	-9.21849e-11
1.06192e-09	1	8.09921e-09
9.21849e-11	-8.09921e-09	1
XYZ rotation is: [-0.00174144, 0.129825, -0.000836217]
Rotation matrix C2MO (O to C2):
0.991584	0.000610767	0.129462
-0.00082918	0.999998	0.00163319
-0.129461	-0.00172679	0.991583
XYZ rotation is: [-0.00174144, 0.129825, -0.000836218]
Rotation matrix R:
0.991584	0.000610769	0.129462
-0.000829181	0.999998	0.00163318
-0.129461	-0.00172678	0.991583
