XYZ rotation is: [-2.22011e-09, -7.38413e-09, -2.89339e-09]
Rotation matrix C1MO (O to C1):
1	2.89339e-09	-7.38413e-09
-2.89339e-09	1	2.22011e-09
7.38413e-09	-2.22011e-09	1
XYZ rotation is: [-0.00221533, -0.00525834, 0.00165158]
Rotation matrix C2MO (O to C2):
0.999985	-0.00163993	-0.00526196
0.00165156	0.999996	0.00220664
0.00525832	-0.0022153	0.999984
XYZ rotation is: [-0.00221533, -0.00525833, 0.00165159]
Rotation matrix R:
0.999985	-0.00163993	-0.00526195
0.00165156	0.999996	0.00220664
0.00525831	-0.00221529	0.999984
