XYZ rotation is: [-2.84105e-08, 8.49408e-08, 1.67516e-09]
Rotation matrix C1MO (O to C1):
1	-1.67516e-09	8.49408e-08
1.67516e-09	1	2.84105e-08
-8.49408e-08	-2.84105e-08	1
XYZ rotation is: [0.0767995, -0.0745633, 0.0975133]
Rotation matrix C2MO (O to C2):
0.992484	-0.10276	-0.066452
0.0970883	0.991759	-0.0835908
0.0744942	0.0765108	0.994282
XYZ rotation is: [0.0767995, -0.0745634, 0.0975133]
Rotation matrix R:
0.992484	-0.10276	-0.0664521
0.0970883	0.991759	-0.0835909
0.0744943	0.0765109	0.994282
