XYZ rotation is: [2.84333e-08, 8.45212e-10, 8.64478e-09]
Rotation matrix C1MO (O to C1):
1	-8.64478e-09	8.45212e-10
8.64478e-09	1	-2.84333e-08
-8.45212e-10	2.84333e-08	1
XYZ rotation is: [-0.106771, 0.506321, -0.0385591]
Rotation matrix C2MO (O to C2):
0.873885	-0.0133135	0.485951
-0.0337129	0.995559	0.0879009
-0.484963	-0.093198	0.869555
XYZ rotation is: [-0.106771, 0.506321, -0.0385591]
Rotation matrix R:
0.873885	-0.0133135	0.485951
-0.0337129	0.995559	0.0879009
-0.484963	-0.0931981	0.869555
