XYZ rotation is: [-3.32199e-08, -2.58261e-08, -8.87999e-09]
Rotation matrix C1MO (O to C1):
1	8.87999e-09	-2.58261e-08
-8.87999e-09	1	3.32199e-08
2.58261e-08	-3.32199e-08	1
XYZ rotation is: [-0.0541738, 0.0930998, -0.0181711]
Rotation matrix C2MO (O to C2):
0.995505	0.0131104	0.0937976
-0.0180914	0.99846	0.0524517
-0.0929654	-0.0539128	0.994209
XYZ rotation is: [-0.0541738, 0.0930999, -0.018171]
Rotation matrix R:
0.995505	0.0131104	0.0937976
-0.0180914	0.99846	0.0524517
-0.0929654	-0.0539128	0.994209
