XYZ rotation is: [-2.00458e-07, -1.92422e-07, -1.55996e-07]
Rotation matrix C1MO (O to C1):
1	1.55996e-07	-1.92422e-07
-1.55996e-07	1	2.00458e-07
1.92422e-07	-2.00458e-07	1
XYZ rotation is: [-0.458388, 0.0557956, -0.189749]
Rotation matrix C2MO (O to C2):
0.980523	0.144907	0.132574
-0.188318	0.885326	0.425129
-0.0557667	-0.441815	0.895371
XYZ rotation is: [-0.458388, 0.0557959, -0.189749]
Rotation matrix R:
0.980523	0.144907	0.132574
-0.188318	0.885326	0.425129
-0.0557669	-0.441815	0.895371
