XYZ rotation is: [-2.73751e-08, 1.12194e-08, -1.01576e-08]
Rotation matrix C1MO (O to C1):
1	1.01576e-08	1.12194e-08
-1.01576e-08	1	2.73751e-08
-1.12194e-08	-2.73751e-08	1
XYZ rotation is: [0.129651, -0.296926, 0.118211]
Rotation matrix C2MO (O to C2):
0.949567	-0.154509	-0.272854
0.112775	0.980226	-0.162602
0.292582	0.12363	0.948215
XYZ rotation is: [0.129651, -0.296926, 0.118211]
Rotation matrix R:
0.949567	-0.154509	-0.272854
0.112775	0.980226	-0.162602
0.292582	0.12363	0.948215
