XYZ rotation is: [1.90747e-09, -1.31325e-07, -4.39103e-08]
Rotation matrix C1MO (O to C1):
1	4.39103e-08	-1.31325e-07
-4.39103e-08	1	-1.90747e-09
1.31325e-07	1.90747e-09	1
XYZ rotation is: [0.000810627, -0.088886, -0.000711385]
Rotation matrix C2MO (O to C2):
0.996052	0.000639426	-0.0887695
-0.000708576	0.999999	-0.000747477
0.088769	0.000807426	0.996052
XYZ rotation is: [0.000810621, -0.0888859, -0.000711341]
Rotation matrix R:
0.996052	0.000639383	-0.0887694
-0.000708532	0.999999	-0.000747476
0.0887689	0.00080742	0.996052
