XYZ rotation is: [2.48314e-09, -3.10349e-09, 2.66816e-09]
Rotation matrix C1MO (O to C1):
1	-2.66816e-09	-3.10349e-09
2.66816e-09	1	-2.48314e-09
3.10349e-09	2.48314e-09	1
XYZ rotation is: [0.00753034, -0.173098, -0.00774558]
Rotation matrix C2MO (O to C2):
0.985026	0.00644834	-0.172284
-0.00762975	0.999952	-0.00619603
0.172235	0.00741773	0.985028
XYZ rotation is: [0.00753033, -0.173098, -0.00774558]
Rotation matrix R:
0.985026	0.00644834	-0.172284
-0.00762975	0.999952	-0.00619603
0.172235	0.00741773	0.985028
