XYZ rotation is: [-6.94219e-09, 2.77985e-09, -3.63147e-10]
Rotation matrix C1MO (O to C1):
1	3.63147e-10	2.77985e-09
-3.63147e-10	1	6.94219e-09
-2.77985e-09	-6.94219e-09	1
XYZ rotation is: [-0.00205484, -0.0136585, 0.00151476]
Rotation matrix C2MO (O to C2):
0.999906	-0.00148669	-0.0136612
0.00151462	0.999997	0.00203415
0.0136581	-0.00205465	0.999905
XYZ rotation is: [-0.00205483, -0.0136585, 0.00151476]
Rotation matrix R:
0.999906	-0.00148669	-0.0136612
0.00151462	0.999997	0.00203414
0.0136581	-0.00205464	0.999905
