XYZ rotation is: [-2.45044e-09, -8.41547e-09, -4.63355e-10]
Rotation matrix C1MO (O to C1):
1	4.63355e-10	-8.41547e-09
-4.63355e-10	1	2.45044e-09
8.41547e-09	-2.45044e-09	1
XYZ rotation is: [-0.000544125, 0.057155, -0.00108103]
Rotation matrix C2MO (O to C2):
0.998367	0.00104995	0.0571244
-0.00107926	0.999999	0.000482372
-0.0571239	-0.000543237	0.998367
XYZ rotation is: [-0.000544123, 0.057155, -0.00108103]
Rotation matrix R:
0.998367	0.00104995	0.0571244
-0.00107926	0.999999	0.00048237
-0.0571239	-0.000543234	0.998367
