XYZ rotation is: [-1.65003e-09, 5.76199e-09, 3.7545e-09]
Rotation matrix C1MO (O to C1):
1	-3.7545e-09	5.76199e-09
3.7545e-09	1	1.65003e-09
-5.76199e-09	-1.65003e-09	1
XYZ rotation is: [0.00375663, 0.0532194, 0.00153899]
Rotation matrix C2MO (O to C2):
0.998583	-0.00133915	0.0531997
0.00153681	0.999992	-0.00367475
-0.0531943	0.0037513	0.998577
XYZ rotation is: [0.00375663, 0.0532194, 0.00153898]
Rotation matrix R:
0.998583	-0.00133914	0.0531996
0.0015368	0.999992	-0.00367475
-0.0531943	0.0037513	0.998577
