XYZ rotation is: [-1.37767e-08, 1.16213e-08, 2.07427e-09]
Rotation matrix C1MO (O to C1):
1	-2.07427e-09	1.16213e-08
2.07427e-09	1	1.37767e-08
-1.16213e-08	-1.37767e-08	1
XYZ rotation is: [0.00457423, 0.0198154, 0.00176186]
Rotation matrix C2MO (O to C2):
0.999802	-0.0016712	0.019822
0.00176151	0.999988	-0.0045393
-0.0198141	0.00457331	0.999793
XYZ rotation is: [0.00457424, 0.0198154, 0.00176185]
Rotation matrix R:
0.999802	-0.0016712	0.019822
0.00176151	0.999988	-0.00453931
-0.0198141	0.00457333	0.999793
