XYZ rotation is: [-3.53135e-09, 2.04758e-09, 2.22756e-09]
Rotation matrix C1MO (O to C1):
1	-2.22756e-09	2.04758e-09
2.22756e-09	1	3.53135e-09
-2.04758e-09	-3.53135e-09	1
XYZ rotation is: [-0.00134686, 0.318765, 0.00322582]
Rotation matrix C2MO (O to C2):
0.949618	-0.00364791	0.313388
0.00306331	0.999993	0.0023578
-0.313394	-0.00127901	0.949622
XYZ rotation is: [-0.00134686, 0.318765, 0.00322582]
Rotation matrix R:
0.949618	-0.0036479	0.313388
0.00306331	0.999993	0.0023578
-0.313394	-0.00127901	0.949622
