XYZ rotation is: [4.51943e-08, 1.56442e-09, 1.53047e-08]
Rotation matrix C1MO (O to C1):
1	-1.53047e-08	1.56442e-09
1.53047e-08	1	-4.51943e-08
-1.56442e-09	4.51943e-08	1
XYZ rotation is: [0.00274356, 0.301978, -0.00194456]
Rotation matrix C2MO (O to C2):
0.954748	0.00276052	0.297403
-0.00185657	0.999993	-0.00332188
-0.29741	0.00261941	0.954746
XYZ rotation is: [0.00274351, 0.301978, -0.00194458]
Rotation matrix R:
0.954748	0.00276052	0.297403
-0.00185659	0.999993	-0.00332184
-0.29741	0.00261936	0.954746
