XYZ rotation is: [-4.98387e-08, 3.91366e-08, 1.17775e-08]
Rotation matrix C1MO (O to C1):
1	-1.17775e-08	3.91366e-08
1.17775e-08	1	4.98387e-08
-3.91366e-08	-4.98387e-08	1
XYZ rotation is: [-0.0052017, 0.0480608, -0.0134396]
Rotation matrix C2MO (O to C2):
0.998755	0.0131891	0.0481072
-0.0134237	0.9999	0.00455557
-0.0480423	-0.00519567	0.998832
XYZ rotation is: [-0.00520165, 0.0480608, -0.0134396]
Rotation matrix R:
0.998755	0.0131892	0.0481072
-0.0134237	0.9999	0.00455552
-0.0480423	-0.00519562	0.998832
