XYZ rotation is: [-6.69747e-09, 4.14874e-08, -8.75666e-09]
Rotation matrix C1MO (O to C1):
1	8.75666e-09	4.14874e-08
-8.75666e-09	1	6.69747e-09
-4.14874e-08	-6.69747e-09	1
XYZ rotation is: [-0.778549, 1.11028, -0.679497]
Rotation matrix C2MO (O to C2):
0.345704	-0.0419809	0.937404
-0.27927	0.949125	0.145497
-0.895822	-0.312088	0.316392
XYZ rotation is: [-0.778549, 1.11028, -0.679497]
Rotation matrix R:
0.345704	-0.0419809	0.937404
-0.27927	0.949125	0.145497
-0.895822	-0.312088	0.316392
