XYZ rotation is: [6.51294e-08, 5.93862e-09, 1.27985e-08]
Rotation matrix C1MO (O to C1):
1	-1.27985e-08	5.93862e-09
1.27985e-08	1	-6.51294e-08
-5.93862e-09	6.51294e-08	1
XYZ rotation is: [0.0064166, -0.171933, -0.000270539]
Rotation matrix C2MO (O to C2):
0.985256	-0.000827256	-0.171085
-0.00026655	0.99998	-0.00637027
0.171087	0.00632195	0.985236
XYZ rotation is: [0.00641654, -0.171933, -0.000270552]
Rotation matrix R:
0.985256	-0.000827233	-0.171085
-0.000266563	0.99998	-0.00637021
0.171087	0.00632189	0.985236
