XYZ rotation is: [4.44613e-09, -1.96911e-08, 1.70421e-08]
Rotation matrix C1MO (O to C1):
1	-1.70421e-08	-1.96911e-08
1.70421e-08	1	-4.44613e-09
1.96911e-08	4.44613e-09	1
XYZ rotation is: [-0.029586, 0.10292, -0.0120808]
Rotation matrix C2MO (O to C2):
0.994636	0.00903623	0.103044
-0.0120166	0.999526	0.0283389
-0.102739	-0.0294251	0.994273
XYZ rotation is: [-0.029586, 0.10292, -0.0120808]
Rotation matrix R:
0.994636	0.00903625	0.103044
-0.0120166	0.999526	0.0283389
-0.102739	-0.0294251	0.994273
