XYZ rotation is: [-4.27782e-09, 9.40738e-09, 4.31812e-10]
Rotation matrix C1MO (O to C1):
1	-4.31812e-10	9.40738e-09
4.31812e-10	1	4.27782e-09
-9.40738e-09	-4.27782e-09	1
XYZ rotation is: [0.0040565, 0.00792408, 0.000478333]
Rotation matrix C2MO (O to C2):
0.999968	-0.000446185	0.00792587
0.000478317	0.999992	-0.0040527
-0.00792399	0.00405637	0.99996
XYZ rotation is: [0.00405651, 0.00792407, 0.000478332]
Rotation matrix R:
0.999968	-0.000446184	0.00792586
0.000478317	0.999992	-0.00405271
-0.00792398	0.00405637	0.99996
