XYZ rotation is: [1.04027e-09, 6.82257e-11, -1.70912e-09]
Rotation matrix C1MO (O to C1):
1	1.70912e-09	6.82257e-11
-1.70912e-09	1	-1.04027e-09
-6.82257e-11	1.04027e-09	1
XYZ rotation is: [-0.00184407, 0.0547473, -0.000160697]
Rotation matrix C2MO (O to C2):
0.998502	5.9789e-05	0.0547201
-0.000160456	0.999998	0.00183527
-0.0547199	-0.0018413	0.9985
XYZ rotation is: [-0.00184407, 0.0547473, -0.000160695]
Rotation matrix R:
0.998502	5.97873e-05	0.0547201
-0.000160454	0.999998	0.00183528
-0.0547199	-0.00184131	0.9985
