XYZ rotation is: [-4.52861e-09, 6.11179e-09, 6.61847e-11]
Rotation matrix C1MO (O to C1):
1	-6.61847e-11	6.11179e-09
6.61847e-11	1	4.52861e-09
-6.11179e-09	-4.52861e-09	1
XYZ rotation is: [0.00333203, -0.0307299, 0.00927498]
Rotation matrix C2MO (O to C2):
0.999485	-0.00937717	-0.0306926
0.00927047	0.99995	-0.00361685
0.030725	0.00333045	0.999522
XYZ rotation is: [0.00333204, -0.0307299, 0.00927498]
Rotation matrix R:
0.999485	-0.00937717	-0.0306926
0.00927047	0.99995	-0.00361686
0.030725	0.00333046	0.999522
