XYZ rotation is: [6.05074e-09, -1.05938e-09, -7.00972e-09]
Rotation matrix C1MO (O to C1):
1	7.00972e-09	-1.05938e-09
-7.00972e-09	1	-6.05074e-09
1.05938e-09	6.05074e-09	1
XYZ rotation is: [-0.000834865, 0.0158946, 0.00155696]
Rotation matrix C2MO (O to C2):
0.999872	-0.00157023	0.0158926
0.00155677	0.999998	0.00085961
-0.0158939	-0.000834759	0.999873
XYZ rotation is: [-0.000834871, 0.0158946, 0.00155697]
Rotation matrix R:
0.999872	-0.00157024	0.0158926
0.00155677	0.999998	0.000859616
-0.0158939	-0.000834765	0.999873
