XYZ rotation is: [-1.13314e-08, 1.98678e-08, -1.36805e-08]
Rotation matrix C1MO (O to C1):
1	1.36805e-08	1.98678e-08
-1.36805e-08	1	1.13314e-08
-1.98678e-08	-1.13314e-08	1
XYZ rotation is: [-0.0320961, 0.0297363, -0.0100259]
Rotation matrix C2MO (O to C2):
0.999508	0.00906648	0.0300369
-0.0100213	0.999444	0.0317911
-0.029732	-0.0320764	0.999043
XYZ rotation is: [-0.0320961, 0.0297363, -0.0100259]
Rotation matrix R:
0.999508	0.00906647	0.0300369
-0.0100213	0.999444	0.0317911
-0.0297319	-0.0320764	0.999043
