XYZ rotation is: [-5.26962e-09, 2.51701e-09, 1.4174e-08]
Rotation matrix C1MO (O to C1):
1	-1.4174e-08	2.51701e-09
1.4174e-08	1	5.26962e-09
-2.51701e-09	-5.26962e-09	1
XYZ rotation is: [-0.0103326, 0.579377, -0.00391191]
Rotation matrix C2MO (O to C2):
0.836797	-0.00174528	0.54751
-0.00327349	0.999961	0.00819064
-0.547503	-0.00864618	0.836759
XYZ rotation is: [-0.0103326, 0.579377, -0.00391192]
Rotation matrix R:
0.836797	-0.00174526	0.54751
-0.0032735	0.999961	0.00819064
-0.547503	-0.00864618	0.836759
