XYZ rotation is: [3.67408e-08, -2.09932e-08, 9.01293e-09]
Rotation matrix C1MO (O to C1):
1	-9.01293e-09	-2.09932e-08
9.01293e-09	1	-3.67408e-08
2.09932e-08	3.67408e-08	1
XYZ rotation is: [0.02003, 0.180702, 0.00750788]
Rotation matrix C2MO (O to C2):
0.98369	-0.00390685	0.17983
0.00738557	0.999798	-0.018679
-0.179721	0.0197025	0.98352
XYZ rotation is: [0.0200299, 0.180702, 0.00750787]
Rotation matrix R:
0.98369	-0.00390685	0.17983
0.00738556	0.999798	-0.018679
-0.179721	0.0197025	0.98352
