XYZ rotation is: [2.35253e-08, -5.83194e-08, -3.00489e-09]
Rotation matrix C1MO (O to C1):
1	3.00489e-09	-5.83194e-08
-3.00489e-09	1	-2.35253e-08
5.83194e-08	2.35253e-08	1
XYZ rotation is: [0.307493, -0.917172, -0.1714]
Rotation matrix C2MO (O to C2):
0.599158	-0.0742024	-0.797185
-0.103713	0.980113	-0.169179
0.793885	0.184044	0.579547
XYZ rotation is: [0.307492, -0.917172, -0.1714]
Rotation matrix R:
0.599158	-0.0742024	-0.797185
-0.103713	0.980113	-0.169179
0.793885	0.184044	0.579547
