XYZ rotation is: [1.68751e-08, 1.24101e-08, -3.34747e-10]
Rotation matrix C1MO (O to C1):
1	3.34747e-10	1.24101e-08
-3.34747e-10	1	-1.68751e-08
-1.24101e-08	1.68751e-08	1
XYZ rotation is: [0.0468611, 0.0451144, 0.0036769]
Rotation matrix C2MO (O to C2):
0.998976	-0.00156025	0.0452215
0.00367315	0.998903	-0.046678
-0.0450991	0.0467963	0.997886
XYZ rotation is: [0.0468611, 0.0451144, 0.0036769]
Rotation matrix R:
0.998976	-0.00156025	0.0452215
0.00367315	0.998903	-0.046678
-0.0450991	0.0467963	0.997886
