XYZ rotation is: [7.98901e-09, -1.79888e-08, 4.73975e-10]
Rotation matrix C1MO (O to C1):
1	-4.73975e-10	-1.79888e-08
4.73975e-10	1	-7.98901e-09
1.79888e-08	7.98901e-09	1
XYZ rotation is: [0.0310671, 0.709299, 0.012554]
Rotation matrix C2MO (O to C2):
0.758759	0.00768161	0.651326
0.00952596	0.999693	-0.0228874
-0.651302	0.0235705	0.758453
XYZ rotation is: [0.0310671, 0.709299, 0.012554]
Rotation matrix R:
0.758759	0.0076816	0.651326
0.00952596	0.999693	-0.0228874
-0.651302	0.0235705	0.758453
