XYZ rotation is: [-1.17881e-08, -6.13798e-08, -4.63413e-09]
Rotation matrix C1MO (O to C1):
1	4.63413e-09	-6.13798e-08
-4.63413e-09	1	1.17881e-08
6.13798e-08	-1.17881e-08	1
XYZ rotation is: [-0.0185755, 0.156135, 0.00491954]
Rotation matrix C2MO (O to C2):
0.987824	-0.00780699	0.155381
0.00485968	0.999801	0.0193391
-0.155501	-0.0183485	0.987665
XYZ rotation is: [-0.0185755, 0.156135, 0.00491954]
Rotation matrix R:
0.987824	-0.00780699	0.155381
0.00485968	0.999801	0.0193391
-0.155501	-0.0183485	0.987665
