XYZ rotation is: [1.48502e-08, -7.55788e-08, 1.21319e-09]
Rotation matrix C1MO (O to C1):
1	-1.21319e-09	-7.55788e-08
1.21319e-09	1	-1.48502e-08
7.55788e-08	1.48502e-08	1
XYZ rotation is: [-0.00960242, 0.144944, 0.00321012]
Rotation matrix C2MO (O to C2):
0.989509	-0.00459688	0.144399
0.00317645	0.999944	0.0100659
-0.144437	-0.00950158	0.989468
XYZ rotation is: [-0.00960243, 0.144944, 0.00321011]
Rotation matrix R:
0.989509	-0.00459688	0.144399
0.00317645	0.999944	0.0100659
-0.144437	-0.00950159	0.989468
