XYZ rotation is: [1.28139e-08, 2.31925e-08, -6.36571e-09]
Rotation matrix C1MO (O to C1):
1	6.36571e-09	2.31925e-08
-6.36571e-09	1	-1.28139e-08
-2.31925e-08	1.28139e-08	1
XYZ rotation is: [0.0223442, -0.0800133, 0.0001601]
Rotation matrix C2MO (O to C2):
0.996801	-0.00194584	-0.0799044
0.000159588	0.99975	-0.0223552
0.0799279	0.0222709	0.996552
XYZ rotation is: [0.0223442, -0.0800133, 0.000160106]
Rotation matrix R:
0.996801	-0.00194584	-0.0799044
0.000159594	0.99975	-0.0223551
0.0799279	0.0222709	0.996552
