XYZ rotation is: [-1.43275e-09, -2.05389e-10, 2.78021e-10]
Rotation matrix C1MO (O to C1):
1	-2.78021e-10	-2.05389e-10
2.78021e-10	1	1.43275e-09
2.05389e-10	-1.43275e-09	1
XYZ rotation is: [0.0406188, -0.0257532, 0.00249999]
Rotation matrix C2MO (O to C2):
0.999665	-0.00354359	-0.0256276
0.00249916	0.999169	-0.0406719
0.0257504	0.0405942	0.998844
XYZ rotation is: [0.0406188, -0.0257532, 0.00249999]
Rotation matrix R:
0.999665	-0.00354359	-0.0256276
0.00249916	0.999169	-0.0406719
0.0257504	0.0405942	0.998844
