XYZ rotation is: [-2.4249e-10, -1.49761e-09, 1.52082e-09]
Rotation matrix C1MO (O to C1):
1	-1.52082e-09	-1.49761e-09
1.52082e-09	1	2.4249e-10
1.49761e-09	-2.4249e-10	1
XYZ rotation is: [0.0663109, -0.00812781, 0.000902492]
Rotation matrix C2MO (O to C2):
0.999967	-0.00143907	-0.00805005
0.000902462	0.997801	-0.0662696
0.00812772	0.0662601	0.997769
XYZ rotation is: [0.0663109, -0.00812781, 0.000902491]
Rotation matrix R:
0.999967	-0.00143907	-0.00805005
0.000902461	0.997801	-0.0662696
0.00812772	0.0662601	0.997769
