XYZ rotation is: [7.68354e-09, -1.15463e-08, -1.05032e-07]
Rotation matrix C1MO (O to C1):
1	1.05032e-07	-1.15463e-08
-1.05032e-07	1	-7.68354e-09
1.15463e-08	7.68354e-09	1
XYZ rotation is: [-0.0122956, -0.0879309, 0.0666429]
Rotation matrix C2MO (O to C2):
0.993925	-0.0655113	-0.0884349
0.0663363	0.997777	0.00642033
0.0878176	-0.0122478	0.996061
XYZ rotation is: [-0.0122956, -0.0879309, 0.0666431]
Rotation matrix R:
0.993925	-0.0655114	-0.0884349
0.0663365	0.997777	0.00642034
0.0878176	-0.0122478	0.996061
