XYZ rotation is: [-2.70417e-08, 1.20756e-07, -4.23901e-08]
Rotation matrix C1MO (O to C1):
1	4.23901e-08	1.20756e-07
-4.23901e-08	1	2.70417e-08
-1.20756e-07	-2.70417e-08	1
XYZ rotation is: [-0.0346564, 0.182046, -0.0459121]
Rotation matrix C2MO (O to C2):
0.982439	0.039602	0.182333
-0.0451375	0.998634	0.0263089
-0.181042	-0.0340769	0.982885
XYZ rotation is: [-0.0346564, 0.182046, -0.045912]
Rotation matrix R:
0.982439	0.0396019	0.182333
-0.0451375	0.998634	0.0263089
-0.181042	-0.0340769	0.982885
