XYZ rotation is: [-1.50216e-06, 7.25966e-08, 1.95924e-07]
Rotation matrix C1MO (O to C1):
1	-1.95924e-07	7.25963e-08
1.95924e-07	1	1.50216e-06
-7.25966e-08	-1.50216e-06	1
XYZ rotation is: [1.22955, 0.219242, -0.088553]
Rotation matrix C2MO (O to C2):
0.972238	0.233743	-0.0108376
-0.0863203	0.315225	-0.945083
-0.21749	0.919781	0.32665
XYZ rotation is: [1.22955, 0.219242, -0.0885531]
Rotation matrix R:
0.972238	0.233743	-0.010838
-0.0863205	0.315223	-0.945084
-0.21749	0.919782	0.326649
