XYZ rotation is: [6.31128e-08, 4.07843e-08, -5.17826e-09]
Rotation matrix C1MO (O to C1):
1	5.17826e-09	4.07843e-08
-5.17826e-09	1	-6.31128e-08
-4.07843e-08	6.31128e-08	1
XYZ rotation is: [0.00219627, -0.111017, -0.00196977]
Rotation matrix C2MO (O to C2):
0.993842	0.00172644	-0.110793
-0.00195765	0.999996	-0.00197803
0.110789	0.00218275	0.993842
XYZ rotation is: [0.00219621, -0.111017, -0.00196977]
Rotation matrix R:
0.993842	0.00172645	-0.110793
-0.00195764	0.999996	-0.00197797
0.110789	0.00218268	0.993842
