XYZ rotation is: [5.65577e-09, 9.03188e-08, 7.6315e-09]
Rotation matrix C1MO (O to C1):
1	-7.6315e-09	9.03188e-08
7.6315e-09	1	-5.65577e-09
-9.03188e-08	5.65577e-09	1
XYZ rotation is: [0.0136267, -0.193185, -0.00315161]
Rotation matrix C2MO (O to C2):
0.981393	0.00053528	-0.19201
-0.00309298	0.99991	-0.0130212
0.191986	0.0133728	0.981307
XYZ rotation is: [0.0136267, -0.193185, -0.00315162]
Rotation matrix R:
0.981393	0.000535289	-0.19201
-0.00309299	0.99991	-0.0130212
0.191986	0.0133728	0.981307
