XYZ rotation is: [-1.46292e-08, 8.52645e-08, 9.32771e-09]
Rotation matrix C1MO (O to C1):
1	-9.32771e-09	8.52645e-08
9.32771e-09	1	1.46292e-08
-8.52645e-08	-1.46292e-08	1
XYZ rotation is: [0.0299313, 0.213434, 0.0030144]
Rotation matrix C2MO (O to C2):
0.977305	0.00332593	0.211811
0.00294599	0.999567	-0.0292884
-0.211817	0.0292477	0.976872
XYZ rotation is: [0.0299313, 0.213434, 0.00301438]
Rotation matrix R:
0.977305	0.00332594	0.211811
0.00294598	0.999567	-0.0292884
-0.211817	0.0292477	0.976872
