XYZ rotation is: [3.36082e-08, -1.64308e-08, 1.11782e-09]
Rotation matrix C1MO (O to C1):
1	-1.11782e-09	-1.64308e-08
1.11782e-09	1	-3.36082e-08
1.64308e-08	3.36082e-08	1
XYZ rotation is: [0.0361549, 0.181805, 0.00299052]
Rotation matrix C2MO (O to C2):
0.983515	0.00354697	0.180794
0.00294123	0.999362	-0.0356065
-0.180805	0.0355513	0.982876
XYZ rotation is: [0.0361549, 0.181805, 0.00299052]
Rotation matrix R:
0.983515	0.00354696	0.180794
0.00294123	0.999362	-0.0356065
-0.180805	0.0355512	0.982876
