XYZ rotation is: [-6.89477e-09, 7.45868e-10, 6.31112e-09]
Rotation matrix C1MO (O to C1):
1	-6.31112e-09	7.45868e-10
6.31112e-09	1	6.89477e-09
-7.45868e-10	-6.89477e-09	1
XYZ rotation is: [0.119119, -0.321233, -0.0102177]
Rotation matrix C2MO (O to C2):
0.948797	-0.0273742	-0.314697
-0.00969482	0.993245	-0.115628
0.315736	0.112758	0.942123
XYZ rotation is: [0.119119, -0.321233, -0.0102177]
Rotation matrix R:
0.948797	-0.0273742	-0.314697
-0.00969482	0.993245	-0.115628
0.315736	0.112758	0.942123
