XYZ rotation is: [-5.73539e-08, 6.63939e-08, 9.76981e-09]
Rotation matrix C1MO (O to C1):
1	-9.76981e-09	6.63939e-08
9.76981e-09	1	5.73539e-08
-6.63939e-08	-5.73539e-08	1
XYZ rotation is: [0.242602, 1.39376, 0.216385]
Rotation matrix C2MO (O to C2):
0.172007	0.0225468	0.984838
0.0378116	0.99885	-0.0294716
-0.98437	0.0423076	0.170956
XYZ rotation is: [0.242602, 1.39376, 0.216385]
Rotation matrix R:
0.172007	0.0225468	0.984838
0.0378116	0.99885	-0.0294716
-0.98437	0.0423076	0.170957
