XYZ rotation is: [-4.55334e-09, -2.85155e-09, 2.63407e-09]
Rotation matrix C1MO (O to C1):
1	-2.63407e-09	-2.85155e-09
2.63407e-09	1	4.55334e-09
2.85155e-09	-4.55334e-09	1
XYZ rotation is: [-0.0121714, 0.241424, 0.00205183]
Rotation matrix C2MO (O to C2):
0.970996	-0.00496161	0.239043
0.00199233	0.999918	0.0126616
-0.239086	-0.0118181	0.970926
XYZ rotation is: [-0.0121714, 0.241424, 0.00205183]
Rotation matrix R:
0.970996	-0.00496161	0.239043
0.00199232	0.999918	0.0126616
-0.239086	-0.0118181	0.970926
