XYZ rotation is: [-1.89818e-08, -3.03663e-08, 2.06932e-10]
Rotation matrix C1MO (O to C1):
1	-2.06932e-10	-3.03663e-08
2.06932e-10	1	1.89818e-08
3.03663e-08	-1.89818e-08	1
XYZ rotation is: [-0.0328457, 0.00312717, 0.00516478]
Rotation matrix C2MO (O to C2):
0.999982	-0.00526467	0.00295582
0.00516473	0.999447	0.0328555
-0.00312716	-0.0328397	0.999456
XYZ rotation is: [-0.0328457, 0.0031272, 0.00516478]
Rotation matrix R:
0.999982	-0.00526467	0.00295586
0.00516473	0.999447	0.0328555
-0.00312719	-0.0328397	0.999456
