XYZ rotation is: [9.98672e-08, -1.8625e-07, -2.7815e-08]
Rotation matrix C1MO (O to C1):
1	2.7815e-08	-1.8625e-07
-2.7815e-08	1	-9.98672e-08
1.8625e-07	9.98672e-08	1
XYZ rotation is: [0.0327044, 0.215847, 0.0313236]
Rotation matrix C2MO (O to C2):
0.976316	-0.0243019	0.214979
0.0305917	0.999194	-0.0259785
-0.214175	0.0319398	0.976273
XYZ rotation is: [0.0327043, 0.215847, 0.0313236]
Rotation matrix R:
0.976316	-0.024302	0.21498
0.0305918	0.999194	-0.0259784
-0.214175	0.0319397	0.976273
