XYZ rotation is: [5.76401e-08, 1.29649e-07, 1.00559e-08]
Rotation matrix C1MO (O to C1):
1	-1.00559e-08	1.29649e-07
1.00559e-08	1	-5.76401e-08
-1.29649e-07	5.76401e-08	1
XYZ rotation is: [-0.147346, 0.657556, -0.102859]
Rotation matrix C2MO (O to C2):
0.787305	0.0123096	0.616441
-0.0812683	0.993149	0.083962
-0.611185	-0.116201	0.782912
XYZ rotation is: [-0.147346, 0.657556, -0.102859]
Rotation matrix R:
0.787305	0.0123096	0.616441
-0.0812683	0.993149	0.0839621
-0.611184	-0.116201	0.782912
