XYZ rotation is: [-1.2801e-08, -2.83265e-08, 1.49913e-09]
Rotation matrix C1MO (O to C1):
1	-1.49913e-09	-2.83265e-08
1.49913e-09	1	1.2801e-08
2.83265e-08	-1.2801e-08	1
XYZ rotation is: [-0.0488241, 0.0608027, -0.00655897]
Rotation matrix C2MO (O to C2):
0.998131	0.00358554	0.0610116
-0.0065468	0.998806	0.0484056
-0.0607652	-0.0487145	0.996963
XYZ rotation is: [-0.0488241, 0.0608027, -0.00655897]
Rotation matrix R:
0.998131	0.00358554	0.0610116
-0.0065468	0.998806	0.0484056
-0.0607652	-0.0487145	0.996963
