XYZ rotation is: [-1.92428e-09, 1.71146e-08, -6.40478e-09]
Rotation matrix C1MO (O to C1):
1	6.40478e-09	1.71146e-08
-6.40478e-09	1	1.92428e-09
-1.71146e-08	-1.92428e-09	1
XYZ rotation is: [-0.0254039, 0.0752023, 0.00930416]
Rotation matrix C2MO (O to C2):
0.99713	-0.0112094	0.0748677
0.00927772	0.999616	0.0260989
-0.0751315	-0.0253294	0.996852
XYZ rotation is: [-0.0254039, 0.0752023, 0.00930416]
Rotation matrix R:
0.99713	-0.0112094	0.0748676
0.00927773	0.999616	0.0260989
-0.0751315	-0.0253294	0.996852
