XYZ rotation is: [-5.4688e-08, -4.16177e-08, -3.19388e-08]
Rotation matrix C1MO (O to C1):
1	3.19388e-08	-4.16177e-08
-3.19388e-08	1	5.4688e-08
4.16177e-08	-5.4688e-08	1
XYZ rotation is: [0.0329247, 0.0116248, -0.00666994]
Rotation matrix C2MO (O to C2):
0.99991	0.00704894	0.0113984
-0.00666944	0.999433	-0.0329956
-0.0116246	0.0329166	0.99939
XYZ rotation is: [0.0329248, 0.0116249, -0.00666991]
Rotation matrix R:
0.99991	0.0070489	0.0113985
-0.00666941	0.999433	-0.0329956
-0.0116246	0.0329166	0.99939
