XYZ rotation is: [2.99275e-08, 1.87511e-08, -2.76122e-09]
Rotation matrix C1MO (O to C1):
1	2.76122e-09	1.87511e-08
-2.76122e-09	1	-2.99275e-08
-1.87511e-08	2.99275e-08	1
XYZ rotation is: [0.0332972, 0.100831, -0.00428406]
Rotation matrix C2MO (O to C2):
0.994912	0.00763272	0.100461
-0.00426229	0.999422	-0.0337217
-0.10066	0.033122	0.994369
XYZ rotation is: [0.0332972, 0.100831, -0.00428406]
Rotation matrix R:
0.994912	0.00763271	0.100461
-0.00426229	0.999422	-0.0337217
-0.10066	0.0331219	0.994369
