XYZ rotation is: [2.84594e-08, 7.11884e-08, -1.92917e-09]
Rotation matrix C1MO (O to C1):
1	1.92917e-09	7.11884e-08
-1.92917e-09	1	-2.84594e-08
-7.11884e-08	2.84594e-08	1
XYZ rotation is: [-0.0560976, -0.0126621, 0.00135753]
Rotation matrix C2MO (O to C2):
0.999919	-0.000645474	-0.0127179
0.00135742	0.998427	0.056051
0.0126618	-0.0560637	0.998347
XYZ rotation is: [-0.0560977, -0.0126622, 0.00135754]
Rotation matrix R:
0.999919	-0.000645476	-0.012718
0.00135743	0.998427	0.056051
0.0126618	-0.0560637	0.998347
