XYZ rotation is: [-8.37118e-08, -6.88338e-08, -9.47916e-09]
Rotation matrix C1MO (O to C1):
1	9.47917e-09	-6.88338e-08
-9.47916e-09	1	8.37118e-08
6.88338e-08	-8.37118e-08	1
XYZ rotation is: [0.00259316, 0.24999, 0.00375682]
Rotation matrix C2MO (O to C2):
0.968908	-0.00311527	0.247401
0.00364003	0.999992	-0.00166373
-0.247394	0.00251255	0.968912
XYZ rotation is: [0.00259325, 0.24999, 0.00375683]
Rotation matrix R:
0.968908	-0.00311526	0.247401
0.00364004	0.999992	-0.00166381
-0.247394	0.00251263	0.968912
