XYZ rotation is: [-4.07772e-08, -5.94658e-08, -1.75911e-08]
Rotation matrix C1MO (O to C1):
1	1.75911e-08	-5.94658e-08
-1.75911e-08	1	4.07772e-08
5.94658e-08	-4.07772e-08	1
XYZ rotation is: [-0.0403013, 0.119206, -0.00863626]
Rotation matrix C2MO (O to C2):
0.992866	0.00383784	0.11917
-0.00857486	0.999192	0.0392627
-0.118924	-0.0400045	0.992097
XYZ rotation is: [-0.0403013, 0.119206, -0.00863624]
Rotation matrix R:
0.992866	0.00383783	0.119171
-0.00857485	0.999192	0.0392626
-0.118924	-0.0400044	0.992097
