XYZ rotation is: [-1.92343e-08, -7.8255e-08, -6.57337e-09]
Rotation matrix C1MO (O to C1):
1	6.57337e-09	-7.8255e-08
-6.57337e-09	1	1.92343e-08
7.8255e-08	-1.92343e-08	1
XYZ rotation is: [0.0367192, -0.147897, -0.0164136]
Rotation matrix C2MO (O to C2):
0.98895	0.0109929	-0.147842
-0.0162337	0.99928	-0.0342891
0.147358	0.0363102	0.988416
XYZ rotation is: [0.0367193, -0.147897, -0.0164136]
Rotation matrix R:
0.98895	0.0109929	-0.147842
-0.0162337	0.99928	-0.0342891
0.147358	0.0363102	0.988416
