image: map/1400.000000/merged_map.png
resolution: 0.050000
origin: [-18.475000, -17.175000, 0.000000]
negate: 0
occupied_thresh: 0.65
free_thresh: 0.196

