XYZ rotation is: [-7.02891e-09, 2.8593e-08, -1.34672e-09]
Rotation matrix C1MO (O to C1):
1	1.34672e-09	2.8593e-08
-1.34672e-09	1	7.02891e-09
-2.8593e-08	-7.02891e-09	1
XYZ rotation is: [0.000946701, -0.0062457, 6.07502e-06]
Rotation matrix C2MO (O to C2):
0.99998	-1.19878e-05	-0.00624565
6.07491e-06	1	-0.000946739
0.00624566	0.000946683	0.99998
XYZ rotation is: [0.000946708, -0.00624573, 6.07634e-06]
Rotation matrix R:
0.99998	-1.19892e-05	-0.00624568
6.07622e-06	1	-0.000946746
0.00624569	0.00094669	0.99998
