XYZ rotation is: [-2.05085e-09, 1.47114e-10, -1.16001e-09]
Rotation matrix C1MO (O to C1):
1	1.16001e-09	1.47114e-10
-1.16001e-09	1	2.05085e-09
-1.47114e-10	-2.05085e-09	1
XYZ rotation is: [-0.0154542, -0.189095, -0.00315558]
Rotation matrix C2MO (O to C2):
0.98217	0.00605999	-0.187898
-0.00309932	0.999866	0.0160465
0.18797	-0.0151781	0.982057
XYZ rotation is: [-0.0154542, -0.189095, -0.00315558]
Rotation matrix R:
0.98217	0.00605999	-0.187898
-0.00309932	0.999866	0.0160465
0.18797	-0.0151781	0.982057
