XYZ rotation is: [1.09633e-09, 7.08208e-09, -6.92498e-10]
Rotation matrix C1MO (O to C1):
1	6.92498e-10	7.08208e-09
-6.92498e-10	1	-1.09633e-09
-7.08208e-09	1.09633e-09	1
XYZ rotation is: [0.000395399, 0.188491, 0.00215532]
Rotation matrix C2MO (O to C2):
0.982286	-0.00208123	0.187377
0.00211715	0.999998	8.45814e-06
-0.187376	0.000388396	0.982288
XYZ rotation is: [0.000395398, 0.188491, 0.00215533]
Rotation matrix R:
0.982286	-0.00208124	0.187377
0.00211715	0.999998	8.45922e-06
-0.187376	0.000388395	0.982288
