XYZ rotation is: [-1.02956e-09, -8.23945e-09, -2.1689e-09]
Rotation matrix C1MO (O to C1):
1	2.1689e-09	-8.23945e-09
-2.1689e-09	1	1.02956e-09
8.23945e-09	-1.02956e-09	1
XYZ rotation is: [0.000830931, -0.0835171, -0.00353611]
Rotation matrix C2MO (O to C2):
0.996508	0.00346679	-0.0834225
-0.00352378	0.999994	-0.000535943
0.0834201	0.000828035	0.996514
XYZ rotation is: [0.000830932, -0.0835171, -0.00353611]
Rotation matrix R:
0.996508	0.00346679	-0.0834225
-0.00352378	0.999994	-0.000535945
0.0834201	0.000828035	0.996514
