XYZ rotation is: [2.89199e-09, 3.14078e-09, -7.45303e-09]
Rotation matrix C1MO (O to C1):
1	7.45303e-09	3.14078e-09
-7.45303e-09	1	-2.89199e-09
-3.14078e-09	2.89199e-09	1
XYZ rotation is: [0.000133642, -0.00102676, 0.00015291]
Rotation matrix C2MO (O to C2):
0.999999	-0.000153048	-0.00102674
0.00015291	1	-0.000133799
0.00102676	0.000133642	0.999999
XYZ rotation is: [0.000133639, -0.00102676, 0.000152918]
Rotation matrix R:
0.999999	-0.000153055	-0.00102674
0.000152918	1	-0.000133796
0.00102676	0.000133639	0.999999
