XYZ rotation is: [2.02032e-09, -2.685e-09, -5.845e-09]
Rotation matrix C1MO (O to C1):
1	5.845e-09	-2.685e-09
-5.845e-09	1	-2.02032e-09
2.685e-09	2.02032e-09	1
XYZ rotation is: [2.91602, -0.757148, -3.06411]
Rotation matrix C2MO (O to C2):
-0.724617	0.0777153	-0.684756
-0.0562599	0.983634	0.171171
0.686852	0.162558	-0.708385
XYZ rotation is: [2.91602, -0.757148, -3.06411]
Rotation matrix R:
-0.724617	0.0777153	-0.684756
-0.0562599	0.983634	0.171171
0.686852	0.162558	-0.708385
