XYZ rotation is: [2.69346e-08, 2.05499e-08, 3.73071e-09]
Rotation matrix C1MO (O to C1):
1	-3.73071e-09	2.05499e-08
3.73071e-09	1	-2.69346e-08
-2.05499e-08	2.69346e-08	1
XYZ rotation is: [-0.0696975, 0.0956639, -0.00525618]
Rotation matrix C2MO (O to C2):
0.995414	-0.00140849	0.0956509
-0.00523213	0.997593	0.0691393
-0.0955181	-0.0693227	0.993011
XYZ rotation is: [-0.0696975, 0.0956639, -0.00525619]
Rotation matrix R:
0.995414	-0.00140849	0.0956509
-0.00523213	0.997593	0.0691393
-0.095518	-0.0693227	0.993011
