XYZ rotation is: [9.27472e-09, -1.98274e-08, -2.04169e-10]
Rotation matrix C1MO (O to C1):
1	2.04169e-10	-1.98274e-08
-2.04169e-10	1	-9.27472e-09
1.98274e-08	9.27472e-09	1
XYZ rotation is: [-0.00191615, -0.0414575, 0.0026393]
Rotation matrix C2MO (O to C2):
0.999137	-0.00255988	-0.0414505
0.00263703	0.999995	0.00180676
0.0414456	-0.00191451	0.999139
XYZ rotation is: [-0.00191616, -0.0414575, 0.0026393]
Rotation matrix R:
0.999137	-0.00255988	-0.0414504
0.00263703	0.999995	0.00180677
0.0414456	-0.00191452	0.999139
