XYZ rotation is: [-7.5933e-09, 1.21412e-07, 1.65223e-09]
Rotation matrix C1MO (O to C1):
1	-1.65223e-09	1.21412e-07
1.65223e-09	1	7.5933e-09
-1.21412e-07	-7.5933e-09	1
XYZ rotation is: [0.00632251, 0.199025, 0.00102959]
Rotation matrix C2MO (O to C2):
0.980259	0.000220471	0.197716
0.00100926	0.999981	-0.00611891
-0.197713	0.00619767	0.98024
XYZ rotation is: [0.00632252, 0.199024, 0.00102958]
Rotation matrix R:
0.980259	0.000220474	0.197716
0.00100926	0.999981	-0.00611892
-0.197713	0.00619767	0.98024
