XYZ rotation is: [-4.66393e-08, 2.18708e-08, 6.96687e-09]
Rotation matrix C1MO (O to C1):
1	-6.96687e-09	2.18708e-08
6.96687e-09	1	4.66393e-08
-2.18708e-08	-4.66393e-08	1
XYZ rotation is: [0.0513338, -0.169744, -0.00689613]
Rotation matrix C2MO (O to C2):
0.985605	-0.0017808	-0.169057
-0.00679696	0.998719	-0.0501466
0.16893	0.0505738	0.98433
XYZ rotation is: [0.0513338, -0.169744, -0.00689613]
Rotation matrix R:
0.985605	-0.0017808	-0.169057
-0.00679697	0.998719	-0.0501467
0.16893	0.0505739	0.98433
