XYZ rotation is: [1.99404e-08, 2.34792e-08, -4.2705e-09]
Rotation matrix C1MO (O to C1):
1	4.2705e-09	2.34792e-08
-4.2705e-09	1	-1.99404e-08
-2.34792e-08	1.99404e-08	1
XYZ rotation is: [0.005676, -0.346093, -0.00248028]
Rotation matrix C2MO (O to C2):
0.940702	0.000554808	-0.339233
-0.00233321	0.999986	-0.0048346
0.339226	0.00533942	0.94069
XYZ rotation is: [0.00567598, -0.346094, -0.00248028]
Rotation matrix R:
0.940702	0.00055481	-0.339233
-0.0023332	0.999986	-0.00483458
0.339226	0.0053394	0.94069
