XYZ rotation is: [-1.5431e-08, -9.44054e-09, -3.99923e-09]
Rotation matrix C1MO (O to C1):
1	3.99923e-09	-9.44054e-09
-3.99923e-09	1	1.5431e-08
9.44054e-09	-1.5431e-08	1
XYZ rotation is: [-0.00293334, -0.188197, -0.000656587]
Rotation matrix C2MO (O to C2):
0.982343	0.00120538	-0.187085
-0.000644994	0.999995	0.00305618
0.187088	-0.00288154	0.982339
XYZ rotation is: [-0.00293333, -0.188197, -0.000656583]
Rotation matrix R:
0.982343	0.00120537	-0.187085
-0.00064499	0.999995	0.00305616
0.187088	-0.00288153	0.982339
