XYZ rotation is: [1.57457e-08, 1.34964e-07, -3.98695e-08]
Rotation matrix C1MO (O to C1):
1	3.98695e-08	1.34964e-07
-3.98695e-08	1	-1.57457e-08
-1.34964e-07	1.57457e-08	1
XYZ rotation is: [0.039464, -0.348826, -0.0404927]
Rotation matrix C2MO (O to C2):
0.939004	0.0269761	-0.342846
-0.0380436	0.998948	-0.0255957
0.341795	0.0370776	0.939043
XYZ rotation is: [0.0394639, -0.348826, -0.0404926]
Rotation matrix R:
0.939004	0.026976	-0.342846
-0.0380435	0.998948	-0.0255957
0.341795	0.0370776	0.939043
