XYZ rotation is: [-1.92799e-10, -7.37034e-08, -1.33204e-09]
Rotation matrix C1MO (O to C1):
1	1.33204e-09	-7.37034e-08
-1.33204e-09	1	1.92799e-10
7.37034e-08	-1.92799e-10	1
XYZ rotation is: [0.0325296, -0.0203173, 2.2064e-05]
Rotation matrix C2MO (O to C2):
0.999794	-0.000682803	-0.0203044
2.20594e-05	0.999471	-0.0325243
0.0203159	0.0325171	0.999265
XYZ rotation is: [0.0325296, -0.0203172, 2.20677e-05]
Rotation matrix R:
0.999794	-0.000682804	-0.0203043
2.20632e-05	0.999471	-0.0325243
0.0203158	0.0325171	0.999265
