XYZ rotation is: [-4.83683e-08, -1.00107e-09, -2.57512e-09]
Rotation matrix C1MO (O to C1):
1	2.57512e-09	-1.00107e-09
-2.57512e-09	1	4.83683e-08
1.00107e-09	-4.83683e-08	1
XYZ rotation is: [0.0262545, -0.103779, 0.00384745]
Rotation matrix C2MO (O to C2):
0.994612	-0.00656555	-0.103455
0.00382674	0.999638	-0.0266497
0.103593	0.0261102	0.994277
XYZ rotation is: [0.0262545, -0.103779, 0.00384745]
Rotation matrix R:
0.994612	-0.00656556	-0.103455
0.00382674	0.999638	-0.0266497
0.103593	0.0261103	0.994277
