XYZ rotation is: [-1.48022e-08, 1.11862e-08, 2.06214e-09]
Rotation matrix C1MO (O to C1):
1	-2.06214e-09	1.11862e-08
2.06214e-09	1	1.48022e-08
-1.11862e-08	-1.48022e-08	1
XYZ rotation is: [0.00899774, 0.22481, 0.00108872]
Rotation matrix C2MO (O to C2):
0.974836	0.000917082	0.222921
0.00106132	0.999961	-0.00875492
-0.222921	0.0087712	0.974797
XYZ rotation is: [0.00899775, 0.22481, 0.00108871]
Rotation matrix R:
0.974836	0.000917088	0.222921
0.00106132	0.999961	-0.00875494
-0.222921	0.00877122	0.974797
