XYZ rotation is: [-3.26999e-08, 1.99476e-08, -4.35323e-09]
Rotation matrix C1MO (O to C1):
1	4.35323e-09	1.99476e-08
-4.35323e-09	1	3.26999e-08
-1.99476e-08	-3.26999e-08	1
XYZ rotation is: [-0.0313644, -0.0308739, 0.0115066]
Rotation matrix C2MO (O to C2):
0.999457	-0.0105328	-0.0312126
0.0115009	0.999453	0.0310021
0.030869	-0.0313443	0.999032
XYZ rotation is: [-0.0313643, -0.0308739, 0.0115066]
Rotation matrix R:
0.999457	-0.0105328	-0.0312126
0.0115009	0.999453	0.0310021
0.030869	-0.0313443	0.999032
