XYZ rotation is: [4.36604e-08, 5.44956e-08, 4.40148e-09]
Rotation matrix C1MO (O to C1):
1	-4.40148e-09	5.44956e-08
4.40148e-09	1	-4.36604e-08
-5.44956e-08	4.36604e-08	1
XYZ rotation is: [0.0189519, -0.0501932, -0.00244138]
Rotation matrix C2MO (O to C2):
0.998738	0.00149014	-0.0502092
-0.0024383	0.99982	-0.0188283
0.0501721	0.0189269	0.998561
XYZ rotation is: [0.0189519, -0.0501932, -0.00244138]
Rotation matrix R:
0.998738	0.00149015	-0.0502093
-0.00243831	0.99982	-0.0188282
0.0501722	0.0189269	0.998561
