XYZ rotation is: [-3.54423e-08, -3.84287e-08, 6.00596e-09]
Rotation matrix C1MO (O to C1):
1	-6.00596e-09	-3.84287e-08
6.00596e-09	1	3.54423e-08
3.84287e-08	-3.54423e-08	1
XYZ rotation is: [-0.0153485, -0.486813, 0.000959932]
Rotation matrix C2MO (O to C2):
0.883828	0.00622011	-0.467771
0.000848415	0.999889	0.0148989
0.467811	-0.0135649	0.883724
XYZ rotation is: [-0.0153485, -0.486813, 0.000959924]
Rotation matrix R:
0.883828	0.0062201	-0.467771
0.000848408	0.999889	0.0148989
0.467811	-0.0135649	0.883724
