XYZ rotation is: [1.75474e-08, -6.71771e-08, 4.88633e-09]
Rotation matrix C1MO (O to C1):
1	-4.88633e-09	-6.71771e-08
4.88633e-09	1	-1.75474e-08
6.71771e-08	1.75474e-08	1
XYZ rotation is: [-0.00178039, 0.200689, 0.00347897]
Rotation matrix C2MO (O to C2):
0.979923	-0.00383387	0.199337
0.00340914	0.999991	0.00247389
-0.199345	-0.00174466	0.979928
XYZ rotation is: [-0.00178041, 0.200689, 0.00347897]
Rotation matrix R:
0.979923	-0.00383387	0.199337
0.00340913	0.999991	0.00247391
-0.199345	-0.00174467	0.979928
