XYZ rotation is: [8.89742e-10, -8.81431e-08, -5.51254e-09]
Rotation matrix C1MO (O to C1):
1	5.51254e-09	-8.81431e-08
-5.51254e-09	1	-8.89742e-10
8.81431e-08	8.89742e-10	1
XYZ rotation is: [0.0711678, 0.0647002, 0.00953081]
Rotation matrix C2MO (O to C2):
0.997862	-0.00490927	0.0651662
0.00951072	0.997467	-0.0704898
-0.0646551	0.0709589	0.995382
XYZ rotation is: [0.0711678, 0.0647003, 0.00953082]
Rotation matrix R:
0.997862	-0.00490928	0.0651663
0.00951073	0.997467	-0.0704898
-0.0646552	0.0709589	0.995382
