XYZ rotation is: [-4.00526e-10, -1.94258e-08, 2.41792e-09]
Rotation matrix C1MO (O to C1):
1	-2.41792e-09	-1.94258e-08
2.41792e-09	1	4.00526e-10
1.94258e-08	-4.00526e-10	1
XYZ rotation is: [0.0176273, -0.0160288, -0.00117988]
Rotation matrix C2MO (O to C2):
0.999871	0.00089718	-0.0160464
-0.00117973	0.999844	-0.0176075
0.0160281	0.0176241	0.999716
XYZ rotation is: [0.0176273, -0.0160288, -0.00117988]
Rotation matrix R:
0.999871	0.000897182	-0.0160464
-0.00117973	0.999844	-0.0176075
0.0160281	0.0176241	0.999716
