XYZ rotation is: [-3.50123e-09, 9.88092e-09, -1.23625e-08]
Rotation matrix C1MO (O to C1):
1	1.23625e-08	9.88092e-09
-1.23625e-08	1	3.50123e-09
-9.88092e-09	-3.50123e-09	1
XYZ rotation is: [0.0813002, -0.16604, 0.0381547]
Rotation matrix C2MO (O to C2):
0.985529	-0.051432	-0.161515
0.0376208	0.99546	-0.0874353
0.165278	0.0800937	0.982989
XYZ rotation is: [0.0813002, -0.16604, 0.0381547]
Rotation matrix R:
0.985529	-0.051432	-0.161515
0.0376208	0.99546	-0.0874353
0.165278	0.0800937	0.982989
