XYZ rotation is: [-1.86591e-08, -2.29699e-08, -7.13389e-09]
Rotation matrix C1MO (O to C1):
1	7.13389e-09	-2.29699e-08
-7.13389e-09	1	1.86591e-08
2.29699e-08	-1.86591e-08	1
XYZ rotation is: [0.00163636, -0.0319985, 0.000748207]
Rotation matrix C2MO (O to C2):
0.999488	-0.000800558	-0.0319918
0.000747823	0.999998	-0.0016603
0.0319931	0.00163552	0.999487
XYZ rotation is: [0.00163638, -0.0319985, 0.000748214]
Rotation matrix R:
0.999488	-0.000800565	-0.0319918
0.000747831	0.999998	-0.00166031
0.031993	0.00163554	0.999487
