XYZ rotation is: [3.70569e-09, 4.00053e-09, -3.83899e-09]
Rotation matrix C1MO (O to C1):
1	3.83899e-09	4.00053e-09
-3.83899e-09	1	-3.70569e-09
-4.00053e-09	3.70569e-09	1
XYZ rotation is: [-0.0441726, 0.166049, -0.010609]
Rotation matrix C2MO (O to C2):
0.98619	0.00330003	0.165585
-0.0104628	0.999046	0.042404
-0.165287	-0.0435509	0.985283
XYZ rotation is: [-0.0441726, 0.166049, -0.010609]
Rotation matrix R:
0.98619	0.00330002	0.165585
-0.0104628	0.999046	0.042404
-0.165287	-0.0435509	0.985283
