XYZ rotation is: [-7.62756e-10, -5.48965e-09, -1.08344e-09]
Rotation matrix C1MO (O to C1):
1	1.08344e-09	-5.48965e-09
-1.08344e-09	1	7.62756e-10
5.48965e-09	-7.62756e-10	1
XYZ rotation is: [-0.00914804, -0.00644991, -0.000739596]
Rotation matrix C2MO (O to C2):
0.999979	0.000798568	-0.00644282
-0.000739581	0.999958	0.00915268
0.00644986	-0.00914772	0.999937
XYZ rotation is: [-0.00914804, -0.0064499, -0.000739595]
Rotation matrix R:
0.999979	0.000798567	-0.00644282
-0.00073958	0.999958	0.00915268
0.00644986	-0.00914772	0.999937
