image: map/440.000000/merged_map.png
resolution: 0.050000
origin: [-18.725000, -17.450000, 0.000000]
negate: 0
occupied_thresh: 0.65
free_thresh: 0.196

