XYZ rotation is: [1.49064e-08, 1.31728e-08, -1.41206e-09]
Rotation matrix C1MO (O to C1):
1	1.41206e-09	1.31728e-08
-1.41206e-09	1	-1.49064e-08
-1.31728e-08	1.49064e-08	1
XYZ rotation is: [0.0398923, 0.0161785, -0.00927162]
Rotation matrix C2MO (O to C2):
0.999826	0.00990928	0.0157945
-0.00927027	0.999155	-0.0400299
-0.0161778	0.0398765	0.999074
XYZ rotation is: [0.0398923, 0.0161785, -0.00927162]
Rotation matrix R:
0.999826	0.00990928	0.0157945
-0.00927027	0.999155	-0.0400299
-0.0161778	0.0398765	0.999074
