XYZ rotation is: [8.46929e-10, 1.45145e-08, 2.41534e-09]
Rotation matrix C1MO (O to C1):
1	-2.41534e-09	1.45145e-08
2.41534e-09	1	-8.46929e-10
-1.45145e-08	8.46929e-10	1
XYZ rotation is: [0.00129765, -0.0470871, -0.0095894]
Rotation matrix C2MO (O to C2):
0.998846	0.00952817	-0.0470799
-0.00957862	0.999954	-0.000846228
0.0470697	0.00129621	0.998891
XYZ rotation is: [0.00129765, -0.0470871, -0.0095894]
Rotation matrix R:
0.998846	0.00952817	-0.04708
-0.00957863	0.999954	-0.000846227
0.0470697	0.00129621	0.998891
