XYZ rotation is: [-2.70367e-09, -2.85051e-09, 2.40126e-09]
Rotation matrix C1MO (O to C1):
1	-2.40126e-09	-2.85051e-09
2.40126e-09	1	2.70367e-09
2.85051e-09	-2.70367e-09	1
XYZ rotation is: [-0.0224044, -0.0867176, 0.003651]
Rotation matrix C2MO (O to C2):
0.996236	-0.00170983	-0.0866685
0.00363727	0.999749	0.0220862
0.086609	-0.0223183	0.995992
XYZ rotation is: [-0.0224044, -0.0867176, 0.003651]
Rotation matrix R:
0.996236	-0.00170983	-0.0866685
0.00363727	0.999749	0.0220862
0.086609	-0.0223183	0.995992
