XYZ rotation is: [1.13398e-09, -3.96384e-10, 3.96585e-09]
Rotation matrix C1MO (O to C1):
1	-3.96585e-09	-3.96384e-10
3.96585e-09	1	-1.13398e-09
3.96384e-10	1.13398e-09	1
XYZ rotation is: [-0.013871, 0.00296347, -0.00477692]
Rotation matrix C2MO (O to C2):
0.999984	0.00473534	0.00302941
-0.00477688	0.999893	0.0138562
-0.00296347	-0.0138705	0.999899
XYZ rotation is: [-0.013871, 0.00296347, -0.00477692]
Rotation matrix R:
0.999984	0.00473534	0.00302941
-0.00477688	0.999893	0.0138562
-0.00296347	-0.0138705	0.999899
