XYZ rotation is: [6.04381e-09, -7.8219e-08, -3.32121e-10]
Rotation matrix C1MO (O to C1):
1	3.32121e-10	-7.8219e-08
-3.32121e-10	1	-6.04381e-09
7.8219e-08	6.04381e-09	1
XYZ rotation is: [-0.0894778, 0.0929125, 0.0225918]
Rotation matrix C2MO (O to C2):
0.995433	-0.030788	0.0903656
0.0224925	0.995558	0.0914231
-0.0927789	-0.088973	0.991704
XYZ rotation is: [-0.0894778, 0.0929126, 0.0225918]
Rotation matrix R:
0.995433	-0.030788	0.0903657
0.0224924	0.995558	0.0914232
-0.092779	-0.088973	0.991704
