XYZ rotation is: [2.78796e-08, 2.27409e-07, -3.05243e-09]
Rotation matrix C1MO (O to C1):
1	3.05244e-09	2.27409e-07
-3.05243e-09	1	-2.78796e-08
-2.27409e-07	2.78796e-08	1
XYZ rotation is: [0.0044164, 0.609838, 0.0053532]
Rotation matrix C2MO (O to C2):
0.819729	-0.00282374	0.572744
0.00438822	0.999989	-0.00135041
-0.572735	0.00362029	0.819733
XYZ rotation is: [0.00441638, 0.609838, 0.0053532]
Rotation matrix R:
0.819729	-0.00282376	0.572744
0.00438822	0.999989	-0.00135038
-0.572734	0.00362027	0.819733
