XYZ rotation is: [1.8207e-08, -1.72011e-08, 1.01249e-08]
Rotation matrix C1MO (O to C1):
1	-1.01249e-08	-1.72011e-08
1.01249e-08	1	-1.8207e-08
1.72011e-08	1.8207e-08	1
XYZ rotation is: [0.000715487, -0.0185605, -0.000135888]
Rotation matrix C2MO (O to C2):
0.999828	0.000122609	-0.0185595
-0.000135865	1	-0.000712965
0.0185594	0.000715363	0.999828
XYZ rotation is: [0.000715469, -0.0185605, -0.000135898]
Rotation matrix R:
0.999828	0.00012262	-0.0185595
-0.000135875	1	-0.000712946
0.0185594	0.000715345	0.999828
