XYZ rotation is: [2.80729e-10, -7.09465e-09, 2.86142e-10]
Rotation matrix C1MO (O to C1):
1	-2.86142e-10	-7.09465e-09
2.86142e-10	1	-2.80729e-10
7.09465e-09	2.80729e-10	1
XYZ rotation is: [-0.0026808, -0.0299599, 0.00166445]
Rotation matrix C2MO (O to C2):
0.99955	-0.00158414	-0.0299597
0.0016637	0.999995	0.00263094
0.0299554	-0.0026796	0.999548
XYZ rotation is: [-0.0026808, -0.0299598, 0.00166445]
Rotation matrix R:
0.99955	-0.00158414	-0.0299597
0.0016637	0.999995	0.00263094
0.0299554	-0.0026796	0.999548
