XYZ rotation is: [-1.10882e-09, 6.07513e-10, -2.03219e-10]
Rotation matrix C1MO (O to C1):
1	2.03219e-10	6.07513e-10
-2.03219e-10	1	1.10882e-09
-6.07513e-10	-1.10882e-09	1
XYZ rotation is: [-0.00514115, -0.0616566, 0.00273872]
Rotation matrix C2MO (O to C2):
0.998096	-0.0024219	-0.0616306
0.00273351	0.999984	0.00497236
0.0616175	-0.00513136	0.998087
XYZ rotation is: [-0.00514115, -0.0616566, 0.00273872]
Rotation matrix R:
0.998096	-0.0024219	-0.0616306
0.00273351	0.999984	0.00497236
0.0616175	-0.00513136	0.998087
