XYZ rotation is: [-3.5446e-08, 1.39964e-08, -1.90082e-09]
Rotation matrix C1MO (O to C1):
1	1.90082e-09	1.39964e-08
-1.90082e-09	1	3.5446e-08
-1.39964e-08	-3.5446e-08	1
XYZ rotation is: [-0.0332208, -0.428028, -0.00275464]
Rotation matrix C2MO (O to C2):
0.909783	0.0165398	-0.414756
-0.00250613	0.999406	0.0343574
0.415078	-0.0302183	0.909284
XYZ rotation is: [-0.0332208, -0.428028, -0.00275463]
Rotation matrix R:
0.909782	0.0165397	-0.414756
-0.00250612	0.999406	0.0343573
0.415078	-0.0302183	0.909284
