XYZ rotation is: [-1.78904e-09, -4.18128e-09, 1.86774e-09]
Rotation matrix C1MO (O to C1):
1	-1.86774e-09	-4.18128e-09
1.86774e-09	1	1.78904e-09
4.18128e-09	-1.78904e-09	1
XYZ rotation is: [0.00334282, -0.00604138, -0.00133692]
Rotation matrix C2MO (O to C2):
0.999981	0.00131672	-0.00604578
-0.00133689	0.999994	-0.00333473
0.00604135	0.00334275	0.999976
XYZ rotation is: [0.00334282, -0.00604138, -0.00133692]
Rotation matrix R:
0.999981	0.00131672	-0.00604577
-0.0013369	0.999994	-0.00333473
0.00604134	0.00334275	0.999976
