XYZ rotation is: [-1.48172e-09, -1.28114e-08, 1.55206e-09]
Rotation matrix C1MO (O to C1):
1	-1.55206e-09	-1.28114e-08
1.55206e-09	1	1.48172e-09
1.28114e-08	-1.48172e-09	1
XYZ rotation is: [0.00408372, -0.0699392, 0.00080525]
Rotation matrix C2MO (O to C2):
0.997555	-0.00109062	-0.0698783
0.000803281	0.999991	-0.00413998
0.0698822	0.00407373	0.997547
XYZ rotation is: [0.00408372, -0.0699392, 0.000805249]
Rotation matrix R:
0.997555	-0.00109062	-0.0698783
0.00080328	0.999991	-0.00413998
0.0698822	0.00407373	0.997547
