XYZ rotation is: [-5.77659e-09, -5.97029e-09, 3.29594e-09]
Rotation matrix C1MO (O to C1):
1	-3.29594e-09	-5.97029e-09
3.29594e-09	1	5.77659e-09
5.97029e-09	-5.77659e-09	1
XYZ rotation is: [0.0106168, -0.0359467, 0.00188445]
Rotation matrix C2MO (O to C2):
0.999352	-0.00226589	-0.0359169
0.00188323	0.999941	-0.0106843
0.035939	0.0106097	0.999298
XYZ rotation is: [0.0106168, -0.0359467, 0.00188444]
Rotation matrix R:
0.999352	-0.00226588	-0.0359169
0.00188322	0.999941	-0.0106843
0.035939	0.0106097	0.999298
