XYZ rotation is: [-9.53835e-09, 9.17902e-09, -4.96184e-09]
Rotation matrix C1MO (O to C1):
1	4.96184e-09	9.17902e-09
-4.96184e-09	1	9.53835e-09
-9.17902e-09	-9.53835e-09	1
XYZ rotation is: [0.00503142, 0.300796, 0.00415123]
Rotation matrix C2MO (O to C2):
0.955093	-0.00266047	0.296296
0.00396483	0.999985	-0.00380144
-0.296281	0.00480549	0.955089
XYZ rotation is: [0.00503143, 0.300796, 0.00415124]
Rotation matrix R:
0.955093	-0.00266047	0.296295
0.00396484	0.999985	-0.00380145
-0.296281	0.0048055	0.955089
