XYZ rotation is: [-1.13316e-08, -1.25926e-08, 4.02505e-09]
Rotation matrix C1MO (O to C1):
1	-4.02505e-09	-1.25926e-08
4.02505e-09	1	1.13316e-08
1.25926e-08	-1.13316e-08	1
XYZ rotation is: [0.0146178, -0.134562, -0.00718389]
Rotation matrix C2MO (O to C2):
0.990935	0.00522212	-0.134244
-0.00711889	0.999881	-0.0136532
0.134156	0.0144851	0.990854
XYZ rotation is: [0.0146178, -0.134562, -0.00718389]
Rotation matrix R:
0.990935	0.00522212	-0.134244
-0.00711889	0.999881	-0.0136532
0.134156	0.0144851	0.990854
