XYZ rotation is: [7.06657e-09, -1.05366e-08, 2.54116e-09]
Rotation matrix C1MO (O to C1):
1	-2.54116e-09	-1.05366e-08
2.54116e-09	1	-7.06657e-09
1.05366e-08	7.06657e-09	1
XYZ rotation is: [0.00157926, -0.111847, -0.00058692]
Rotation matrix C2MO (O to C2):
0.993751	0.000410652	-0.111615
-0.000583252	0.999999	-0.00151375
0.111614	0.00156939	0.99375
XYZ rotation is: [0.00157925, -0.111847, -0.000586922]
Rotation matrix R:
0.993751	0.000410655	-0.111615
-0.000583255	0.999999	-0.00151374
0.111614	0.00156938	0.99375
