XYZ rotation is: [6.16765e-09, -7.51645e-09, 5.41874e-10]
Rotation matrix C1MO (O to C1):
1	-5.41874e-10	-7.51645e-09
5.41874e-10	1	-6.16765e-09
7.51645e-09	6.16765e-09	1
XYZ rotation is: [-0.00688324, 0.00774693, 0.00289929]
Rotation matrix C2MO (O to C2):
0.999966	-0.00295254	0.00772669
0.0028992	0.999972	0.00690562
-0.00774686	-0.00688298	0.999946
XYZ rotation is: [-0.00688325, 0.00774694, 0.00289929]
Rotation matrix R:
0.999966	-0.00295254	0.00772669
0.0028992	0.999972	0.00690563
-0.00774686	-0.00688299	0.999946
