XYZ rotation is: [9.1913e-10, -9.23741e-09, 6.8756e-09]
Rotation matrix C1MO (O to C1):
1	-6.8756e-09	-9.23741e-09
6.8756e-09	1	-9.1913e-10
9.23741e-09	9.1913e-10	1
XYZ rotation is: [-0.0529303, -0.118952, -0.0171556]
Rotation matrix C2MO (O to C2):
0.992787	0.0234082	-0.11758
-0.0170336	0.998345	0.0549308
0.118671	-0.0525318	0.991543
XYZ rotation is: [-0.0529303, -0.118952, -0.0171557]
Rotation matrix R:
0.992787	0.0234082	-0.11758
-0.0170336	0.998345	0.0549308
0.118671	-0.0525318	0.991543
