XYZ rotation is: [-1.82528e-08, 1.73306e-08, 4.17718e-09]
Rotation matrix C1MO (O to C1):
1	-4.17718e-09	1.73306e-08
4.17718e-09	1	1.82528e-08
-1.73306e-08	-1.82528e-08	1
XYZ rotation is: [-0.0130056, 0.0867622, -0.00391542]
Rotation matrix C2MO (O to C2):
0.996231	0.00278814	0.0866963
-0.00390069	0.999912	0.0126659
-0.0866534	-0.0129563	0.996154
XYZ rotation is: [-0.0130056, 0.0867622, -0.00391543]
Rotation matrix R:
0.996231	0.00278815	0.0866963
-0.00390069	0.999912	0.0126659
-0.0866534	-0.0129563	0.996154
