XYZ rotation is: [2.23739e-07, 2.1955e-07, 9.1839e-09]
Rotation matrix C1MO (O to C1):
1	-9.18385e-09	2.1955e-07
9.1839e-09	1	-2.23739e-07
-2.1955e-07	2.23739e-07	1
XYZ rotation is: [-0.0110473, 0.187462, 0.00148758]
Rotation matrix C2MO (O to C2):
0.982479	-0.00354628	0.186338
0.00146151	0.999935	0.0113243
-0.186366	-0.0108535	0.98242
XYZ rotation is: [-0.0110475, 0.187462, 0.00148757]
Rotation matrix R:
0.982479	-0.00354632	0.186338
0.00146151	0.999935	0.0113245
-0.186366	-0.0108538	0.98242
