XYZ rotation is: [5.15512e-06, 1.64756e-06, -1.67609e-06]
Rotation matrix C1MO (O to C1):
1	1.67609e-06	1.64755e-06
-1.67609e-06	1	-5.15512e-06
-1.64756e-06	5.15512e-06	1
XYZ rotation is: [0.241388, -1.18287, -0.276959]
Rotation matrix C2MO (O to C2):
0.363855	0.0526499	-0.929966
-0.103431	0.994511	0.0158359
0.925695	0.0904257	0.367303
XYZ rotation is: [0.241379, -1.18287, -0.276956]
Rotation matrix R:
0.363854	0.0526541	-0.929967
-0.10343	0.994511	0.0158412
0.925696	0.0904222	0.367302
