XYZ rotation is: [-2.76017e-09, 1.34892e-08, 7.81035e-09]
Rotation matrix C1MO (O to C1):
1	-7.81035e-09	1.34892e-08
7.81035e-09	1	2.76017e-09
-1.34892e-08	-2.76017e-09	1
XYZ rotation is: [0.00473111, 0.451264, 0.00301396]
Rotation matrix C2MO (O to C2):
0.899893	-0.000950692	0.436111
0.00271225	0.99999	-0.00341668
-0.436103	0.00425749	0.899887
XYZ rotation is: [0.0047311, 0.451264, 0.00301396]
Rotation matrix R:
0.899893	-0.000950684	0.436111
0.00271224	0.99999	-0.00341669
-0.436103	0.00425749	0.899887
