XYZ rotation is: [-5.82963e-09, -1.45301e-08, 2.75267e-09]
Rotation matrix C1MO (O to C1):
1	-2.75267e-09	-1.45301e-08
2.75267e-09	1	5.82963e-09
1.45301e-08	-5.82963e-09	1
XYZ rotation is: [0.109821, -0.432694, -0.091126]
Rotation matrix C2MO (O to C2):
0.904073	0.0446852	-0.425036
-0.0826134	0.994034	-0.0712172
0.419318	0.0994992	0.90237
XYZ rotation is: [0.109821, -0.432694, -0.091126]
Rotation matrix R:
0.904073	0.0446852	-0.425036
-0.0826134	0.994034	-0.0712172
0.419318	0.0994992	0.90237
