XYZ rotation is: [8.42691e-08, 1.24541e-08, -2.64478e-08]
Rotation matrix C1MO (O to C1):
1	2.64478e-08	1.24541e-08
-2.64478e-08	1	-8.42691e-08
-1.24541e-08	8.42691e-08	1
XYZ rotation is: [0.0211307, -0.355021, -0.00598078]
Rotation matrix C2MO (O to C2):
0.937622	-0.00136516	-0.347653
-0.00560778	0.999803	-0.0190502
0.347611	0.0198115	0.93743
XYZ rotation is: [0.0211306, -0.355021, -0.00598075]
Rotation matrix R:
0.937622	-0.00136515	-0.347653
-0.00560775	0.999803	-0.0190501
0.347611	0.0198114	0.93743
