XYZ rotation is: [1.35805e-07, 6.49423e-08, 4.82605e-09]
Rotation matrix C1MO (O to C1):
1	-4.82604e-09	6.49423e-08
4.82605e-09	1	-1.35805e-07
-6.49423e-08	1.35805e-07	1
XYZ rotation is: [0.00122951, -0.359575, -0.00487562]
Rotation matrix C2MO (O to C2):
0.936035	0.00444296	-0.351878
-0.00456379	0.999989	0.000486105
0.351876	0.00115088	0.936046
XYZ rotation is: [0.00122938, -0.359575, -0.00487562]
Rotation matrix R:
0.936035	0.00444302	-0.351878
-0.00456379	0.999989	0.000486242
0.351876	0.00115076	0.936046
