XYZ rotation is: [-8.80312e-10, -3.99745e-09, 1.01363e-08]
Rotation matrix C1MO (O to C1):
1	-1.01363e-08	-3.99745e-09
1.01363e-08	1	8.80312e-10
3.99745e-09	-8.80312e-10	1
XYZ rotation is: [0.000573476, 0.227144, -0.00333904]
Rotation matrix C2MO (O to C2):
0.974308	0.00346817	0.225192
-0.00325326	0.999994	-0.00132541
-0.225196	0.000558746	0.974313
XYZ rotation is: [0.000573475, 0.227144, -0.00333905]
Rotation matrix R:
0.974308	0.00346818	0.225192
-0.00325327	0.999994	-0.00132541
-0.225196	0.000558744	0.974313
