XYZ rotation is: [-5.42633e-10, -9.40673e-10, 7.11755e-11]
Rotation matrix C1MO (O to C1):
1	-7.11755e-11	-9.40673e-10
7.11755e-11	1	5.42633e-10
9.40673e-10	-5.42633e-10	1
XYZ rotation is: [-0.00103727, -0.0142943, -0.00114194]
Rotation matrix C2MO (O to C2):
0.999897	0.00115677	-0.0142926
-0.00114183	0.999999	0.0010536
0.0142938	-0.00103717	0.999897
XYZ rotation is: [-0.00103727, -0.0142943, -0.00114194]
Rotation matrix R:
0.999897	0.00115677	-0.0142926
-0.00114183	0.999999	0.0010536
0.0142938	-0.00103717	0.999897
