XYZ rotation is: [6.48577e-09, -3.13146e-09, -7.6133e-09]
Rotation matrix C1MO (O to C1):
1	7.6133e-09	-3.13146e-09
-7.6133e-09	1	-6.48577e-09
3.13146e-09	6.48577e-09	1
XYZ rotation is: [0.000129802, 0.0229235, -0.000409733]
Rotation matrix C2MO (O to C2):
0.999737	0.000412709	0.0229215
-0.000409626	1	-0.000139194
-0.0229215	0.000129768	0.999737
XYZ rotation is: [0.000129796, 0.0229236, -0.000409726]
Rotation matrix R:
0.999737	0.000412701	0.0229215
-0.000409618	1	-0.000139188
-0.0229215	0.000129762	0.999737
