XYZ rotation is: [8.51534e-09, -6.86921e-09, -3.78224e-08]
Rotation matrix C1MO (O to C1):
1	3.78224e-08	-6.86921e-09
-3.78224e-08	1	-8.51534e-09
6.86921e-09	8.51534e-09	1
XYZ rotation is: [1.72078, -0.966862, -1.56238]
Rotation matrix C2MO (O to C2):
0.00478214	-0.156266	-0.987703
-0.567865	0.812581	-0.131309
0.823108	0.56151	-0.084852
XYZ rotation is: [1.72078, -0.966862, -1.56238]
Rotation matrix R:
0.00478214	-0.156266	-0.987703
-0.567865	0.812581	-0.131309
0.823108	0.56151	-0.084852
