XYZ rotation is: [6.71797e-08, -2.35647e-07, 1.07835e-08]
Rotation matrix C1MO (O to C1):
1	-1.07835e-08	-2.35647e-07
1.07835e-08	1	-6.71797e-08
2.35647e-07	6.71797e-08	1
XYZ rotation is: [0.0306887, 0.205217, 0.0160317]
Rotation matrix C2MO (O to C2):
0.978891	-0.00977152	0.204149
0.0156946	0.999501	-0.0274147
-0.20378	0.0300401	0.978556
XYZ rotation is: [0.0306887, 0.205217, 0.0160317]
Rotation matrix R:
0.978891	-0.00977152	0.20415
0.0156946	0.999501	-0.0274147
-0.20378	0.03004	0.978556
