XYZ rotation is: [-2.14474e-09, 4.8814e-09, 1.24747e-08]
Rotation matrix C1MO (O to C1):
1	-1.24747e-08	4.8814e-09
1.24747e-08	1	2.14474e-09
-4.8814e-09	-2.14474e-09	1
XYZ rotation is: [0.00473826, 0.368517, 0.0119138]
Rotation matrix C2MO (O to C2):
0.932796	-0.0102067	0.360259
0.0111137	0.999938	-0.00044631
-0.360232	0.00442013	0.932852
XYZ rotation is: [0.00473826, 0.368517, 0.0119138]
Rotation matrix R:
0.932796	-0.0102067	0.360259
0.0111137	0.999938	-0.000446313
-0.360232	0.00442013	0.932852
