XYZ rotation is: [-3.46748e-08, 4.38547e-09, -4.28876e-09]
Rotation matrix C1MO (O to C1):
1	4.28876e-09	4.38547e-09
-4.28876e-09	1	3.46748e-08
-4.38547e-09	-3.46748e-08	1
XYZ rotation is: [-0.0175839, 0.305335, -0.00296071]
Rotation matrix C2MO (O to C2):
0.953742	-0.00232539	0.300617
-0.00282376	0.999857	0.016693
-0.300613	-0.0167697	0.953599
XYZ rotation is: [-0.0175838, 0.305335, -0.0029607]
Rotation matrix R:
0.953742	-0.00232539	0.300617
-0.00282375	0.999857	0.016693
-0.300613	-0.0167697	0.953599
