XYZ rotation is: [8.12677e-08, -1.18132e-08, 6.19671e-09]
Rotation matrix C1MO (O to C1):
1	-6.19671e-09	-1.18132e-08
6.19671e-09	1	-8.12677e-08
1.18132e-08	8.12677e-08	1
XYZ rotation is: [-0.037076, 0.322644, -0.00939631]
Rotation matrix C2MO (O to C2):
0.948359	-0.00236294	0.317191
-0.00891133	0.999379	0.0340886
-0.317075	-0.0351548	0.947749
XYZ rotation is: [-0.0370761, 0.322644, -0.00939632]
Rotation matrix R:
0.948359	-0.00236296	0.317192
-0.00891134	0.999379	0.0340887
-0.317075	-0.0351549	0.947749
