XYZ rotation is: [1.81017e-08, -4.76617e-08, -1.24739e-09]
Rotation matrix C1MO (O to C1):
1	1.24739e-09	-4.76617e-08
-1.24739e-09	1	-1.81017e-08
4.76617e-08	1.81017e-08	1
XYZ rotation is: [0.0105528, 0.509146, 0.00622561]
Rotation matrix C2MO (O to C2):
0.873144	-0.00108163	0.487461
0.00543592	0.999957	-0.00751807
-0.487432	0.00921416	0.873113
XYZ rotation is: [0.0105528, 0.509146, 0.00622561]
Rotation matrix R:
0.873144	-0.00108164	0.487461
0.00543592	0.999957	-0.00751805
-0.487432	0.00921414	0.873113
