XYZ rotation is: [4.53708e-08, -2.39292e-08, 8.54447e-10]
Rotation matrix C1MO (O to C1):
1	-8.54449e-10	-2.39292e-08
8.54447e-10	1	-4.53708e-08
2.39292e-08	4.53708e-08	1
XYZ rotation is: [0.00119878, 0.0642573, 0.000517902]
Rotation matrix C2MO (O to C2):
0.997936	-0.000440925	0.0642137
0.000516833	0.999999	-0.00116552
-0.0642131	0.0011963	0.997935
XYZ rotation is: [0.00119873, 0.0642574, 0.000517901]
Rotation matrix R:
0.997936	-0.000440927	0.0642137
0.000516832	0.999999	-0.00116547
-0.0642132	0.00119626	0.997935
