XYZ rotation is: [6.79098e-08, -1.65135e-08, 8.66046e-09]
Rotation matrix C1MO (O to C1):
1	-8.66046e-09	-1.65135e-08
8.66046e-09	1	-6.79098e-08
1.65135e-08	6.79098e-08	1
XYZ rotation is: [0.0966416, 0.342561, 0.0097907]
Rotation matrix C2MO (O to C2):
0.941852	0.022665	0.335262
0.00922169	0.995603	-0.0932133
-0.335901	0.0908848	0.937502
XYZ rotation is: [0.0966415, 0.342561, 0.00979069]
Rotation matrix R:
0.941852	0.022665	0.335262
0.00922168	0.995603	-0.0932132
-0.335901	0.0908847	0.937502
