XYZ rotation is: [7.06565e-10, 5.77276e-09, 2.18455e-09]
Rotation matrix C1MO (O to C1):
1	-2.18455e-09	5.77276e-09
2.18455e-09	1	-7.06565e-10
-5.77276e-09	7.06565e-10	1
XYZ rotation is: [0.00274684, -0.143059, -0.00850399]
Rotation matrix C2MO (O to C2):
0.989749	0.00811225	-0.142589
-0.00841702	0.999963	-0.00153433
0.142572	0.00271877	0.989781
XYZ rotation is: [0.00274684, -0.143059, -0.008504]
Rotation matrix R:
0.989749	0.00811226	-0.142589
-0.00841702	0.999963	-0.00153433
0.142572	0.00271877	0.989781
