XYZ rotation is: [-2.17904e-08, 2.49663e-09, 1.42736e-08]
Rotation matrix C1MO (O to C1):
1	-1.42736e-08	2.49663e-09
1.42736e-08	1	2.17904e-08
-2.49663e-09	-2.17904e-08	1
XYZ rotation is: [-0.0578809, -0.250543, 0.00822229]
Rotation matrix C2MO (O to C2):
0.968745	0.00613349	-0.247982
0.00796549	0.99841	0.0558115
0.24793	-0.0560424	0.967156
XYZ rotation is: [-0.0578809, -0.250543, 0.00822228]
Rotation matrix R:
0.968745	0.0061335	-0.247982
0.00796547	0.99841	0.0558115
0.24793	-0.0560424	0.967156
