XYZ rotation is: [-2.8426e-10, 2.66904e-08, 1.04831e-08]
Rotation matrix C1MO (O to C1):
1	-1.04831e-08	2.66904e-08
1.04831e-08	1	2.8426e-10
-2.66904e-08	-2.8426e-10	1
XYZ rotation is: [0.00868967, -0.281886, -0.011357]
Rotation matrix C2MO (O to C2):
0.960471	0.00893929	-0.278238
-0.0109085	0.999925	-0.00553004
0.278168	0.0083466	0.960496
XYZ rotation is: [0.00868967, -0.281886, -0.011357]
Rotation matrix R:
0.96047	0.0089393	-0.278238
-0.0109085	0.999925	-0.00553004
0.278168	0.0083466	0.960496
