XYZ rotation is: [3.96451e-08, -2.61475e-08, 3.37677e-08]
Rotation matrix C1MO (O to C1):
1	-3.37677e-08	-2.61475e-08
3.37677e-08	1	-3.96451e-08
2.61475e-08	3.96451e-08	1
XYZ rotation is: [-0.0262624, 0.10743, -0.0230756]
Rotation matrix C2MO (O to C2):
0.99397	0.0202507	0.107764
-0.0229406	0.999454	0.0237792
-0.107224	-0.026108	0.993892
XYZ rotation is: [-0.0262625, 0.10743, -0.0230757]
Rotation matrix R:
0.99397	0.0202508	0.107764
-0.0229406	0.999454	0.0237793
-0.107224	-0.0261081	0.993892
