XYZ rotation is: [2.36433e-08, -8.22826e-08, 1.35444e-08]
Rotation matrix C1MO (O to C1):
1	-1.35444e-08	-8.22826e-08
1.35444e-08	1	-2.36433e-08
8.22826e-08	2.36433e-08	1
XYZ rotation is: [-0.00905123, -0.76895, -0.00331563]
Rotation matrix C2MO (O to C2):
0.718638	0.00960942	-0.695318
-0.00238274	0.999933	0.0113566
0.695381	-0.0065045	0.718612
XYZ rotation is: [-0.00905124, -0.76895, -0.00331565]
Rotation matrix R:
0.718638	0.00960945	-0.695318
-0.00238276	0.999933	0.0113566
0.695381	-0.00650451	0.718612
