XYZ rotation is: [-1.7981e-09, 1.40362e-08, 1.45911e-09]
Rotation matrix C1MO (O to C1):
1	-1.45911e-09	1.40362e-08
1.45911e-09	1	1.7981e-09
-1.40362e-08	-1.7981e-09	1
XYZ rotation is: [-0.0211954, -0.0504316, 0.00376604]
Rotation matrix C2MO (O to C2):
0.998722	-0.00269681	-0.0504784
0.00376125	0.999772	0.0210039
0.0504103	-0.0211669	0.998504
XYZ rotation is: [-0.0211954, -0.0504317, 0.00376604]
Rotation matrix R:
0.998722	-0.00269681	-0.0504784
0.00376124	0.999772	0.0210039
0.0504103	-0.0211669	0.998504
