XYZ rotation is: [-6.71782e-09, -5.28776e-08, -3.12008e-09]
Rotation matrix C1MO (O to C1):
1	3.12008e-09	-5.28776e-08
-3.12008e-09	1	6.71782e-09
5.28776e-08	-6.71782e-09	1
XYZ rotation is: [0.014447, -0.0812804, -0.00287838]
Rotation matrix C2MO (O to C2):
0.996694	0.00170515	-0.0812237
-0.00286887	0.999895	-0.0142128
0.0811909	0.0143988	0.996595
XYZ rotation is: [0.014447, -0.0812803, -0.00287838]
Rotation matrix R:
0.996694	0.00170515	-0.0812236
-0.00286887	0.999895	-0.0142128
0.0811909	0.0143988	0.996595
