XYZ rotation is: [7.89292e-10, 1.5213e-08, -4.81191e-09]
Rotation matrix C1MO (O to C1):
1	4.81191e-09	1.5213e-08
-4.81191e-09	1	-7.89292e-10
-1.5213e-08	7.89292e-10	1
XYZ rotation is: [-0.0304789, -0.751856, -0.00303324]
Rotation matrix C2MO (O to C2):
0.730419	0.0238455	-0.682583
-0.00221555	0.999468	0.0325448
0.682996	-0.022259	0.730083
XYZ rotation is: [-0.0304789, -0.751856, -0.00303324]
Rotation matrix R:
0.730419	0.0238455	-0.682583
-0.00221554	0.999468	0.0325448
0.682996	-0.022259	0.730083
