XYZ rotation is: [-8.55065e-09, -3.32526e-08, -3.88464e-09]
Rotation matrix C1MO (O to C1):
1	3.88464e-09	-3.32526e-08
-3.88464e-09	1	8.55065e-09
3.32526e-08	-8.55065e-09	1
XYZ rotation is: [0.0456376, -0.0170221, 0.00450993]
Rotation matrix C2MO (O to C2):
0.999845	-0.00528175	-0.0167976
0.00450926	0.998945	-0.045698
0.0170212	0.0456151	0.998814
XYZ rotation is: [0.0456376, -0.017022, 0.00450993]
Rotation matrix R:
0.999845	-0.00528175	-0.0167976
0.00450927	0.998945	-0.045698
0.0170212	0.0456151	0.998814
