XYZ rotation is: [1.65222e-09, -2.42121e-08, 2.12116e-09]
Rotation matrix C1MO (O to C1):
1	-2.12116e-09	-2.42121e-08
2.12116e-09	1	-1.65222e-09
2.42121e-08	1.65222e-09	1
XYZ rotation is: [0.0183908, -0.0129598, -0.000193923]
Rotation matrix C2MO (O to C2):
0.999916	-4.44307e-05	-0.0129608
-0.000193906	0.999831	-0.0183872
0.0129594	0.0183882	0.999747
XYZ rotation is: [0.0183908, -0.0129598, -0.000193924]
Rotation matrix R:
0.999916	-4.44285e-05	-0.0129608
-0.000193908	0.999831	-0.0183872
0.0129594	0.0183882	0.999747
