XYZ rotation is: [2.31312e-08, -3.47844e-08, -3.87684e-08]
Rotation matrix C1MO (O to C1):
1	3.87684e-08	-3.47844e-08
-3.87684e-08	1	-2.31312e-08
3.47844e-08	2.31312e-08	1
XYZ rotation is: [0.990334, -0.909798, -0.722942]
Rotation matrix C2MO (O to C2):
0.460345	-0.13215	-0.877849
-0.406155	0.847942	-0.340636
0.78938	0.513353	0.336672
XYZ rotation is: [0.990334, -0.909798, -0.722941]
Rotation matrix R:
0.460345	-0.13215	-0.877849
-0.406155	0.847942	-0.340636
0.78938	0.513353	0.336672
