XYZ rotation is: [1.88587e-08, 2.50368e-07, -4.98069e-08]
Rotation matrix C1MO (O to C1):
1	4.98069e-08	2.50368e-07
-4.98069e-08	1	-1.88587e-08
-2.50368e-07	1.88587e-08	1
XYZ rotation is: [0.0648819, -0.147698, 0.0323749]
Rotation matrix C2MO (O to C2):
0.988594	-0.0418375	-0.144676
0.0320168	0.997064	-0.0695559
0.147161	0.0641305	0.987031
XYZ rotation is: [0.0648819, -0.147698, 0.0323749]
Rotation matrix R:
0.988594	-0.0418376	-0.144676
0.0320168	0.997064	-0.0695559
0.147162	0.0641305	0.987031
