XYZ rotation is: [-2.51543e-08, 1.92461e-08, -5.77779e-09]
Rotation matrix C1MO (O to C1):
1	5.77779e-09	1.92461e-08
-5.77779e-09	1	2.51543e-08
-1.92461e-08	-2.51543e-08	1
XYZ rotation is: [0.00537475, 0.086841, -0.00201734]
Rotation matrix C2MO (O to C2):
0.99623	0.00248347	0.0867196
-0.00200974	0.999983	-0.00554968
-0.0867319	0.00535447	0.996217
XYZ rotation is: [0.00537478, 0.086841, -0.00201734]
Rotation matrix R:
0.99623	0.00248347	0.0867196
-0.00200973	0.999983	-0.00554971
-0.0867318	0.0053545	0.996217
