XYZ rotation is: [1.34303e-08, -4.75459e-08, -5.81963e-09]
Rotation matrix C1MO (O to C1):
1	5.81963e-09	-4.75459e-08
-5.81963e-09	1	-1.34303e-08
4.75459e-08	1.34303e-08	1
XYZ rotation is: [0.00543126, -0.0212237, -0.00114181]
Rotation matrix C2MO (O to C2):
0.999774	0.00102653	-0.021228
-0.00114155	0.999985	-0.005407
0.0212221	0.00543001	0.99976
XYZ rotation is: [0.00543125, -0.0212237, -0.0011418]
Rotation matrix R:
0.999774	0.00102652	-0.021228
-0.00114154	0.999985	-0.00540699
0.0212221	0.00543	0.99976
