XYZ rotation is: [-6.48957e-10, 1.02706e-09, 2.24043e-09]
Rotation matrix C1MO (O to C1):
1	-2.24043e-09	1.02706e-09
2.24043e-09	1	6.48957e-10
-1.02706e-09	-6.48957e-10	1
XYZ rotation is: [-0.00234561, -0.0068641, 0.00115063]
Rotation matrix C2MO (O to C2):
0.999976	-0.00113452	-0.00686672
0.0011506	0.999997	0.00233771
0.00686404	-0.00234556	0.999974
XYZ rotation is: [-0.00234561, -0.0068641, 0.00115063]
Rotation matrix R:
0.999976	-0.00113452	-0.00686672
0.0011506	0.999997	0.00233771
0.00686404	-0.00234556	0.999974
