XYZ rotation is: [-8.71464e-10, 9.48225e-10, 4.28838e-09]
Rotation matrix C1MO (O to C1):
1	-4.28838e-09	9.48225e-10
4.28838e-09	1	8.71464e-10
-9.48225e-10	-8.71464e-10	1
XYZ rotation is: [0.00843453, 0.132212, -0.000322927]
Rotation matrix C2MO (O to C2):
0.991273	0.0014348	0.13182
-0.000320109	0.999964	-0.008477
-0.131827	0.00836082	0.991237
XYZ rotation is: [0.00843453, 0.132212, -0.000322931]
Rotation matrix R:
0.991273	0.00143481	0.13182
-0.000320113	0.999964	-0.008477
-0.131827	0.00836082	0.991237
