XYZ rotation is: [-8.58808e-09, -2.78538e-09, 2.07429e-09]
Rotation matrix C1MO (O to C1):
1	-2.07429e-09	-2.78538e-09
2.07429e-09	1	8.58808e-09
2.78538e-09	-8.58808e-09	1
XYZ rotation is: [-0.00193212, 0.00166952, 0.00130965]
Rotation matrix C2MO (O to C2):
0.999998	-0.00131288	0.00166698
0.00130965	0.999997	0.0019343
-0.00166951	-0.00193211	0.999997
XYZ rotation is: [-0.00193211, 0.00166952, 0.00130965]
Rotation matrix R:
0.999998	-0.00131287	0.00166698
0.00130965	0.999997	0.00193429
-0.00166952	-0.0019321	0.999997
