XYZ rotation is: [2.76565, -0.0385546, 0.00916479]
Rotation matrix C1MO (O to C1):
0.999215	-0.00562657	0.0392165
0.00915785	-0.930253	-0.366805
0.0385451	0.366876	-0.929471
XYZ rotation is: [0.0311979, -0.083988, 0.0201573]
Rotation matrix C2MO (O to C2):
0.996273	-0.0227623	-0.0832027
0.0200849	0.999258	-0.0328765
0.0838893	0.0310829	0.99599
XYZ rotation is: [-2.73392, -0.123018, 0.013258]
Rotation matrix R:
0.992356	0.0608176	0.107385
0.0131574	-0.917319	0.397936
0.122708	-0.393481	-0.911107
