XYZ rotation is: [1.8567e-09, -1.17325e-08, -6.73864e-08]
Rotation matrix C1MO (O to C1):
1	6.73864e-08	-1.17325e-08
-6.73864e-08	1	-1.8567e-09
1.17325e-08	1.8567e-09	1
XYZ rotation is: [-5.04525e-09, -8.5374e-09, -6.37333e-08]
Rotation matrix C2MO (O to C2):
1	6.37333e-08	-8.5374e-09
-6.37333e-08	1	5.04525e-09
8.5374e-09	-5.04525e-09	1
XYZ rotation is: [-6.90195e-09, 3.19511e-09, 3.65309e-09]
Rotation matrix R:
1	-3.65309e-09	3.19511e-09
3.65309e-09	1	6.90195e-09
-3.19511e-09	-6.90195e-09	1
