XYZ rotation is: [-2.12506e-09, 8.96024e-09, -1.70445e-09]
Rotation matrix C1MO (O to C1):
1	1.70445e-09	8.96024e-09
-1.70445e-09	1	2.12506e-09
-8.96024e-09	-2.12506e-09	1
XYZ rotation is: [-0.00202492, -0.0115556, 0.00195659]
Rotation matrix C2MO (O to C2):
0.999931	-0.00193319	-0.0115593
0.00195646	0.999996	0.0020023
0.0115554	-0.00202478	0.999931
XYZ rotation is: [-0.00202491, -0.0115557, 0.00195659]
Rotation matrix R:
0.999931	-0.00193319	-0.0115593
0.00195646	0.999996	0.0020023
0.0115554	-0.00202478	0.999931
