XYZ rotation is: [-2.35697e-08, -3.3265e-08, 1.77598e-09]
Rotation matrix C1MO (O to C1):
1	-1.77598e-09	-3.3265e-08
1.77598e-09	1	2.35697e-08
3.3265e-08	-2.35697e-08	1
XYZ rotation is: [-0.0107499, 0.00101734, 0.00508611]
Rotation matrix C2MO (O to C2):
0.999987	-0.00509673	0.000962598
0.00508608	0.999929	0.0107548
-0.00101734	-0.0107497	0.999942
XYZ rotation is: [-0.0107499, 0.00101738, 0.0050861]
Rotation matrix R:
0.999987	-0.00509672	0.000962631
0.00508608	0.999929	0.0107547
-0.00101738	-0.0107497	0.999942
