XYZ rotation is: [-3.10223e-09, -4.68797e-08, 2.84456e-08]
Rotation matrix C1MO (O to C1):
1	-2.84456e-08	-4.68798e-08
2.84456e-08	1	3.10223e-09
4.68797e-08	-3.10223e-09	1
XYZ rotation is: [0.00216964, -0.00172344, 0.000416722]
Rotation matrix C2MO (O to C2):
0.999998	-0.00042046	-0.00172253
0.000416722	0.999998	-0.00217036
0.00172344	0.00216964	0.999996
XYZ rotation is: [0.00216965, -0.0017234, 0.000416694]
Rotation matrix R:
0.999998	-0.000420432	-0.00172249
0.000416693	0.999998	-0.00217036
0.0017234	0.00216964	0.999996
