XYZ rotation is: [3.36827e-09, -1.75934e-08, 1.98554e-09]
Rotation matrix C1MO (O to C1):
1	-1.98554e-09	-1.75934e-08
1.98554e-09	1	-3.36827e-09
1.75934e-08	3.36827e-09	1
XYZ rotation is: [0.0118837, 0.0131826, -0.000525038]
Rotation matrix C2MO (O to C2):
0.999913	0.000681651	0.0131751
-0.000524992	0.999929	-0.0118904
-0.0131822	0.0118824	0.999843
XYZ rotation is: [0.0118837, 0.0131826, -0.00052504]
Rotation matrix R:
0.999913	0.000681653	0.0131751
-0.000524994	0.999929	-0.0118904
-0.0131823	0.0118824	0.999843
