XYZ rotation is: [4.18366e-08, -2.06484e-08, -1.67683e-08]
Rotation matrix C1MO (O to C1):
1	1.67683e-08	-2.06484e-08
-1.67683e-08	1	-4.18366e-08
2.06484e-08	4.18366e-08	1
XYZ rotation is: [3.07351, 1.03073, -3.00593]
Rotation matrix C2MO (O to C2):
-0.509465	-0.192746	0.838626
-0.0695416	0.980625	0.183136
-0.857677	0.0349819	-0.512998
XYZ rotation is: [3.07351, 1.03073, -3.00593]
Rotation matrix R:
-0.509465	-0.192746	0.838626
-0.0695416	0.980625	0.183136
-0.857677	0.034982	-0.512998
