XYZ rotation is: [-1.07152e-09, 1.59011e-09, 1.0499e-09]
Rotation matrix C1MO (O to C1):
1	-1.0499e-09	1.59011e-09
1.0499e-09	1	1.07152e-09
-1.59011e-09	-1.07152e-09	1
XYZ rotation is: [-2.81073, 0.431119, 0.876998]
Rotation matrix C2MO (O to C2):
0.58095	0.640313	-0.50249
0.698475	-0.70915	-0.0961196
-0.417888	-0.295136	-0.859223
XYZ rotation is: [-2.81073, 0.431119, 0.876998]
Rotation matrix R:
0.58095	0.640313	-0.50249
0.698475	-0.70915	-0.0961196
-0.417888	-0.295136	-0.859223
