XYZ rotation is: [-9.03037e-09, 5.61536e-10, -2.70016e-08]
Rotation matrix C1MO (O to C1):
1	2.70016e-08	5.61536e-10
-2.70016e-08	1	9.03037e-09
-5.61536e-10	-9.03037e-09	1
XYZ rotation is: [0.00297552, -0.604965, 0.000161725]
Rotation matrix C2MO (O to C2):
0.822522	-0.001854	-0.56873
0.000133022	0.999995	-0.00306749
0.568733	0.00244743	0.822519
XYZ rotation is: [0.00297551, -0.604965, 0.000161757]
Rotation matrix R:
0.822522	-0.00185402	-0.56873
0.000133049	0.999995	-0.0030675
0.568733	0.00244742	0.822519
