XYZ rotation is: [2.27603e-09, 5.96359e-10, -1.50912e-09]
Rotation matrix C1MO (O to C1):
1	1.50912e-09	5.96359e-10
-1.50912e-09	1	-2.27603e-09
-5.96359e-10	2.27603e-09	1
XYZ rotation is: [0.00133187, -0.0518506, 0.00089481]
Rotation matrix C2MO (O to C2):
0.998656	-0.000963836	-0.0518261
0.000893607	0.999999	-0.00137824
0.0518274	0.00133008	0.998655
XYZ rotation is: [0.00133186, -0.0518506, 0.000894811]
Rotation matrix R:
0.998656	-0.000963837	-0.0518261
0.000893609	0.999999	-0.00137824
0.0518274	0.00133007	0.998655
