XYZ rotation is: [1.96598e-10, -3.6682e-09, 3.74566e-09]
Rotation matrix C1MO (O to C1):
1	-3.74566e-09	-3.6682e-09
3.74566e-09	1	-1.96598e-10
3.6682e-09	1.96598e-10	1
XYZ rotation is: [0.0389887, -0.0535867, 0.0248719]
Rotation matrix C2MO (O to C2):
0.998256	-0.0269376	-0.0525344
0.0248337	0.998879	-0.0402978
0.0535611	0.0389228	0.997806
XYZ rotation is: [0.0389887, -0.0535867, 0.0248719]
Rotation matrix R:
0.998256	-0.0269376	-0.0525344
0.0248337	0.998879	-0.0402978
0.053561	0.0389228	0.997806
