XYZ rotation is: [3.37905e-09, -8.21093e-07, -1.43696e-07]
Rotation matrix C1MO (O to C1):
1	1.43696e-07	-8.21093e-07
-1.43696e-07	1	-3.37894e-09
8.21093e-07	3.37905e-09	1
XYZ rotation is: [-0.106067, -0.0298883, -0.0152105]
Rotation matrix C2MO (O to C2):
0.999438	0.0182878	-0.0281022
-0.0152031	0.994217	0.106308
0.0298838	-0.105821	0.993936
XYZ rotation is: [-0.106067, -0.0298874, -0.0152105]
Rotation matrix R:
0.999438	0.0182877	-0.0281014
-0.0152031	0.994217	0.106308
0.029883	-0.105821	0.993936
