XYZ rotation is: [-2.19634e-10, 7.18741e-09, 3.48757e-09]
Rotation matrix C1MO (O to C1):
1	-3.48757e-09	7.18741e-09
3.48757e-09	1	2.19634e-10
-7.18741e-09	-2.19634e-10	1
XYZ rotation is: [0.0610555, -0.126788, -0.0163194]
Rotation matrix C2MO (O to C2):
0.991841	0.00857372	-0.127192
-0.0161877	0.99813	-0.0589499
0.126448	0.0605278	0.990125
XYZ rotation is: [0.0610555, -0.126788, -0.0163194]
Rotation matrix R:
0.991841	0.00857372	-0.127192
-0.0161877	0.99813	-0.0589499
0.126448	0.0605278	0.990125
