XYZ rotation is: [-3.33019e-08, -2.00822e-08, -3.2214e-09]
Rotation matrix C1MO (O to C1):
1	3.2214e-09	-2.00822e-08
-3.2214e-09	1	3.33019e-08
2.00822e-08	-3.33019e-08	1
XYZ rotation is: [0.0124894, 0.235139, 0.00890791]
Rotation matrix C2MO (O to C2):
0.972443	-0.00599753	0.233062
0.00866266	0.999908	-0.0104134
-0.232978	0.0121454	0.972406
XYZ rotation is: [0.0124894, 0.235139, 0.00890791]
Rotation matrix R:
0.972443	-0.00599753	0.233062
0.00866267	0.999908	-0.0104134
-0.232978	0.0121454	0.972406
