XYZ rotation is: [1.50956e-07, 5.76345e-08, 1.04413e-07]
Rotation matrix C1MO (O to C1):
1	-1.04413e-07	5.76345e-08
1.04413e-07	1	-1.50956e-07
-5.76345e-08	1.50956e-07	1
XYZ rotation is: [-0.0623649, 0.50045, -0.0453987]
Rotation matrix C2MO (O to C2):
0.876463	0.0154211	0.481223
-0.0398176	0.998385	0.0405268
-0.47982	-0.0546814	0.875661
XYZ rotation is: [-0.0623651, 0.50045, -0.0453988]
Rotation matrix R:
0.876463	0.0154211	0.481222
-0.0398177	0.998385	0.040527
-0.47982	-0.0546816	0.875661
