XYZ rotation is: [1.11989e-07, -2.4214e-08, -1.99077e-08]
Rotation matrix C1MO (O to C1):
1	1.99077e-08	-2.4214e-08
-1.99077e-08	1	-1.11989e-07
2.4214e-08	1.11989e-07	1
XYZ rotation is: [0.0762828, -0.248902, -0.00931501]
Rotation matrix C2MO (O to C2):
0.969141	-0.0094847	-0.246323
-0.00902782	0.997223	-0.0739176
0.24634	0.0738604	0.966365
XYZ rotation is: [0.0762827, -0.248902, -0.00931499]
Rotation matrix R:
0.969141	-0.00948469	-0.246323
-0.0090278	0.997223	-0.0739175
0.24634	0.0738602	0.966365
