XYZ rotation is: [5.84996e-09, 1.19127e-09, 1.58503e-08]
Rotation matrix C1MO (O to C1):
1	-1.58503e-08	1.19127e-09
1.58503e-08	1	-5.84996e-09
-1.19127e-09	5.84996e-09	1
XYZ rotation is: [-0.00643, -0.184706, 0.00208212]
Rotation matrix C2MO (O to C2):
0.982988	-0.000901169	-0.183666
0.0020467	0.99998	0.00604756
0.183657	-0.00632059	0.98297
XYZ rotation is: [-0.00643001, -0.184706, 0.0020821]
Rotation matrix R:
0.982988	-0.000901152	-0.183666
0.00204669	0.99998	0.00604756
0.183657	-0.00632059	0.98297
