XYZ rotation is: [-4.43935e-08, 2.19735e-07, 1.56913e-08]
Rotation matrix C1MO (O to C1):
1	-1.56913e-08	2.19735e-07
1.56913e-08	1	4.43935e-08
-2.19735e-07	-4.43935e-08	1
XYZ rotation is: [-0.00155802, -0.34407, 0.00251089]
Rotation matrix C2MO (O to C2):
0.941387	-0.00198534	-0.337324
0.00236373	0.999997	0.000711037
0.337321	-0.0014667	0.941388
XYZ rotation is: [-0.00155797, -0.34407, 0.00251088]
Rotation matrix R:
0.941387	-0.00198534	-0.337324
0.00236371	0.999997	0.000710992
0.337321	-0.00146665	0.941388
