XYZ rotation is: [-2.49735e-06, 5.51886e-07, 5.52461e-07]
Rotation matrix C1MO (O to C1):
1	-5.52462e-07	5.51885e-07
5.52461e-07	1	2.49735e-06
-5.51886e-07	-2.49735e-06	1
XYZ rotation is: [0.844498, 0.72385, 0.000368798]
Rotation matrix C2MO (O to C2):
0.749262	0.494896	0.440096
0.000276326	0.664289	-0.747476
-0.662274	0.560176	0.49759
XYZ rotation is: [0.8445, 0.72385, 0.000367758]
Rotation matrix R:
0.749262	0.494898	0.440095
0.000275547	0.664287	-0.747477
-0.662274	0.560177	0.497589
