XYZ rotation is: [-3.06163e-08, -2.95384e-08, 6.49406e-09]
Rotation matrix C1MO (O to C1):
1	-6.49406e-09	-2.95384e-08
6.49406e-09	1	3.06163e-08
2.95384e-08	-3.06163e-08	1
XYZ rotation is: [-0.0301166, 0.111357, 0.00331892]
Rotation matrix C2MO (O to C2):
0.993801	-0.00666366	0.110976
0.00329836	0.99953	0.0304806
-0.111127	-0.0299256	0.993356
XYZ rotation is: [-0.0301166, 0.111357, 0.00331891]
Rotation matrix R:
0.993801	-0.00666365	0.110976
0.00329835	0.99953	0.0304805
-0.111127	-0.0299255	0.993356
