XYZ rotation is: [6.38397e-08, 2.84347e-07, -1.68788e-08]
Rotation matrix C1MO (O to C1):
1	1.68788e-08	2.84347e-07
-1.68788e-08	1	-6.38397e-08
-2.84347e-07	6.38397e-08	1
XYZ rotation is: [0.155887, 0.0748039, -0.0271474]
Rotation matrix C2MO (O to C2):
0.996836	0.0384137	0.0695864
-0.0270682	0.987195	-0.157203
-0.0747342	0.154823	0.985112
XYZ rotation is: [0.155887, 0.0748036, -0.0271475]
Rotation matrix R:
0.996836	0.0384136	0.0695862
-0.0270682	0.987195	-0.157203
-0.0747339	0.154822	0.985112
