XYZ rotation is: [-6.13716e-08, 2.56996e-08, 8.52323e-08]
Rotation matrix C1MO (O to C1):
1	-8.52323e-08	2.56996e-08
8.52323e-08	1	6.13716e-08
-2.56996e-08	-6.13716e-08	1
XYZ rotation is: [0.536191, -0.256909, -0.409946]
Rotation matrix C2MO (O to C2):
0.887042	0.223575	-0.403944
-0.385479	0.840167	-0.381478
0.254092	0.494099	0.831447
XYZ rotation is: [0.536191, -0.256908, -0.409946]
Rotation matrix R:
0.887042	0.223575	-0.403944
-0.385479	0.840167	-0.381478
0.254092	0.494099	0.831447
