XYZ rotation is: [-1.92212e-09, -4.68445e-09, 8.86858e-09]
Rotation matrix C1MO (O to C1):
1	-8.86858e-09	-4.68445e-09
8.86858e-09	1	1.92212e-09
4.68445e-09	-1.92212e-09	1
XYZ rotation is: [0.00207604, -0.566067, -0.00572779]
Rotation matrix C2MO (O to C2):
0.844003	0.00461435	-0.536319
-0.00483433	0.999988	0.000995881
0.536317	0.00175221	0.844015
XYZ rotation is: [0.00207605, -0.566067, -0.00572781]
Rotation matrix R:
0.844003	0.00461436	-0.536319
-0.00483434	0.999988	0.000995879
0.536317	0.00175222	0.844015
