XYZ rotation is: [6.06595e-09, -9.4126e-08, 4.05714e-09]
Rotation matrix C1MO (O to C1):
1	-4.05714e-09	-9.4126e-08
4.05714e-09	1	-6.06595e-09
9.4126e-08	6.06595e-09	1
XYZ rotation is: [-0.0338407, -0.201419, -5.40527e-05]
Rotation matrix C2MO (O to C2):
0.979784	0.0068229	-0.199943
-5.29599e-05	0.999427	0.0338451
0.20006	-0.0331503	0.979223
XYZ rotation is: [-0.0338407, -0.201419, -5.406e-05]
Rotation matrix R:
0.979784	0.0068229	-0.199943
-5.29672e-05	0.999427	0.0338451
0.20006	-0.0331503	0.979223
