XYZ rotation is: [-5.00556e-09, 8.78906e-08, 1.7504e-08]
Rotation matrix C1MO (O to C1):
1	-1.7504e-08	8.78906e-08
1.7504e-08	1	5.00556e-09
-8.78906e-08	-5.00556e-09	1
XYZ rotation is: [0.323573, 0.21166, 0.135956]
Rotation matrix C2MO (O to C2):
0.968662	-0.0623224	0.240438
0.132512	0.94841	-0.288026
-0.210083	0.310861	0.926947
XYZ rotation is: [0.323573, 0.21166, 0.135955]
Rotation matrix R:
0.968662	-0.0623224	0.240438
0.132512	0.94841	-0.288026
-0.210083	0.310861	0.926947
