XYZ rotation is: [-5.13284e-08, 1.19164e-07, -3.45495e-09]
Rotation matrix C1MO (O to C1):
1	3.45495e-09	1.19164e-07
-3.45495e-09	1	5.13284e-08
-1.19164e-07	-5.13284e-08	1
XYZ rotation is: [-0.0399941, 0.169075, -0.00231257]
Rotation matrix C2MO (O to C2):
0.985738	-0.0044173	0.168228
-0.0022796	0.999213	0.0395945
-0.168271	-0.0394133	0.984953
XYZ rotation is: [-0.0399941, 0.169075, -0.00231256]
Rotation matrix R:
0.985738	-0.00441729	0.168228
-0.00227959	0.999213	0.0395945
-0.16827	-0.0394133	0.984953
