XYZ rotation is: [-1.96764e-08, -1.39651e-08, -3.32016e-10]
Rotation matrix C1MO (O to C1):
1	3.32016e-10	-1.39651e-08
-3.32016e-10	1	1.96764e-08
1.39651e-08	-1.96764e-08	1
XYZ rotation is: [0.0180013, -0.449605, -0.0125196]
Rotation matrix C2MO (O to C2):
0.900548	0.00469474	-0.434731
-0.0112751	0.999858	-0.0125588
0.43461	0.0162114	0.900473
XYZ rotation is: [0.0180013, -0.449605, -0.0125196]
Rotation matrix R:
0.900548	0.00469473	-0.434731
-0.0112751	0.999858	-0.0125588
0.43461	0.0162114	0.900473
