XYZ rotation is: [-5.91739e-08, 1.47806e-07, 1.37855e-08]
Rotation matrix C1MO (O to C1):
1	-1.37855e-08	1.47806e-07
1.37855e-08	1	5.91739e-08
-1.47806e-07	-5.91739e-08	1
XYZ rotation is: [0.0345545, 0.655556, 0.0141574]
Rotation matrix C2MO (O to C2):
0.79263	0.00690968	0.609664
0.0112223	0.999601	-0.0259193
-0.6096	0.0273862	0.792236
XYZ rotation is: [0.0345546, 0.655556, 0.0141574]
Rotation matrix R:
0.79263	0.00690973	0.609664
0.0112223	0.999601	-0.0259193
-0.6096	0.0273863	0.792236
