XYZ rotation is: [-1.59977e-07, 4.88173e-08, 3.208e-08]
Rotation matrix C1MO (O to C1):
1	-3.208e-08	4.88173e-08
3.208e-08	1	1.59977e-07
-4.88173e-08	-1.59977e-07	1
XYZ rotation is: [0.146502, 0.32775, -0.00284656]
Rotation matrix C2MO (O to C2):
0.946765	0.0498084	0.318048
-0.00269503	0.98915	-0.146885
-0.321914	0.138208	0.936627
XYZ rotation is: [0.146502, 0.32775, -0.0028466]
Rotation matrix R:
0.946765	0.0498085	0.318048
-0.00269507	0.98915	-0.146885
-0.321914	0.138208	0.936627
