XYZ rotation is: [6.37849e-08, 1.46407e-08, -2.45365e-09]
Rotation matrix C1MO (O to C1):
1	2.45365e-09	1.46407e-08
-2.45365e-09	1	-6.37849e-08
-1.46407e-08	6.37849e-08	1
XYZ rotation is: [0.0110602, -0.0498565, 0.00832433]
Rotation matrix C2MO (O to C2):
0.998723	-0.00887489	-0.049739
0.00831389	0.9999	-0.0114744
0.0498358	0.0110462	0.998696
XYZ rotation is: [0.0110601, -0.0498565, 0.00832433]
Rotation matrix R:
0.998723	-0.00887489	-0.049739
0.00831389	0.9999	-0.0114743
0.0498359	0.0110461	0.998696
