XYZ rotation is: [-2.46001e-08, -3.15942e-08, 8.85282e-09]
Rotation matrix C1MO (O to C1):
1	-8.85282e-09	-3.15942e-08
8.85282e-09	1	2.46001e-08
3.15942e-08	-2.46001e-08	1
XYZ rotation is: [0.0949462, -0.164103, -0.00242848]
Rotation matrix C2MO (O to C2):
0.986562	-0.0130702	-0.162861
-0.00239585	0.995531	-0.0944084
0.163367	0.09353	0.982122
XYZ rotation is: [0.0949462, -0.164103, -0.00242849]
Rotation matrix R:
0.986562	-0.0130702	-0.162861
-0.00239586	0.995531	-0.0944084
0.163367	0.09353	0.982122
