XYZ rotation is: [-9.21792e-09, -9.16908e-08, 5.2826e-09]
Rotation matrix C1MO (O to C1):
1	-5.2826e-09	-9.16908e-08
5.2826e-09	1	9.21792e-09
9.16908e-08	-9.21792e-09	1
XYZ rotation is: [0.00365743, -0.0567595, -0.000209105]
Rotation matrix C2MO (O to C2):
0.99839	1.62206e-06	-0.0567294
-0.000208769	0.999993	-0.00364556
0.056729	0.00365153	0.998383
XYZ rotation is: [0.00365744, -0.0567594, -0.00020911]
Rotation matrix R:
0.99839	1.62681e-06	-0.0567293
-0.000208774	0.999993	-0.00364557
0.0567289	0.00365154	0.998383
