XYZ rotation is: [-4.26115e-08, -6.11587e-09, -6.29208e-09]
Rotation matrix C1MO (O to C1):
1	6.29208e-09	-6.11587e-09
-6.29208e-09	1	4.26115e-08
6.11587e-09	-4.26115e-08	1
XYZ rotation is: [-0.0860421, -0.812871, 0.0280648]
Rotation matrix C2MO (O to C2):
0.687146	0.0344303	-0.725703
0.0192896	0.99766	0.0655978
0.726264	-0.0590738	0.684873
XYZ rotation is: [-0.086042, -0.812871, 0.0280648]
Rotation matrix R:
0.687146	0.0344303	-0.725703
0.0192896	0.99766	0.0655977
0.726264	-0.0590737	0.684873
