XYZ rotation is: [-1.67839e-09, 2.7272e-09, -1.43127e-08]
Rotation matrix C1MO (O to C1):
1	1.43127e-08	2.7272e-09
-1.43127e-08	1	1.67839e-09
-2.7272e-09	-1.67839e-09	1
XYZ rotation is: [0.0041594, 0.163223, 0.00557787]
Rotation matrix C2MO (O to C2):
0.986693	-0.00490191	0.162518
0.00550371	0.99998	-0.00325294
-0.162499	0.00410411	0.9867
XYZ rotation is: [0.00415941, 0.163223, 0.00557789]
Rotation matrix R:
0.986693	-0.00490192	0.162518
0.00550372	0.99998	-0.00325294
-0.162499	0.00410411	0.9867
