XYZ rotation is: [3.20116e-10, -7.09119e-10, -9.48057e-09]
Rotation matrix C1MO (O to C1):
1	9.48057e-09	-7.09119e-10
-9.48057e-09	1	-3.20116e-10
7.09119e-10	3.20116e-10	1
XYZ rotation is: [-0.00149175, -0.244599, -0.00343269]
Rotation matrix C2MO (O to C2):
0.970229	0.00379394	-0.24216
-0.00333051	0.999992	0.00232303
0.242167	-0.00144735	0.970233
XYZ rotation is: [-0.00149176, -0.244599, -0.00343268]
Rotation matrix R:
0.970229	0.00379393	-0.24216
-0.0033305	0.999992	0.00232303
0.242167	-0.00144735	0.970233
