XYZ rotation is: [2.62262e-08, 2.48401e-08, -1.11044e-08]
Rotation matrix C1MO (O to C1):
1	1.11044e-08	2.48401e-08
-1.11044e-08	1	-2.62262e-08
-2.48401e-08	2.62262e-08	1
XYZ rotation is: [0.0193083, -0.0912838, 0.000842915]
Rotation matrix C2MO (O to C2):
0.995836	-0.00260274	-0.0911238
0.000839405	0.999812	-0.0193839
0.0911571	0.0192267	0.995651
XYZ rotation is: [0.0193083, -0.0912838, 0.000842926]
Rotation matrix R:
0.995836	-0.00260275	-0.0911238
0.000839416	0.999812	-0.0193839
0.0911571	0.0192267	0.995651
