XYZ rotation is: [-7.26714e-09, 6.25652e-08, 3.97957e-10]
Rotation matrix C1MO (O to C1):
1	-3.97957e-10	6.25652e-08
3.97957e-10	1	7.26714e-09
-6.25652e-08	-7.26714e-09	1
XYZ rotation is: [-0.00789683, -0.264996, 3.3692e-05]
Rotation matrix C2MO (O to C2):
0.965094	0.00203451	-0.261897
3.25159e-05	0.999969	0.00788793
0.261905	-0.0076211	0.965063
XYZ rotation is: [-0.00789683, -0.264996, 3.36921e-05]
Rotation matrix R:
0.965094	0.00203451	-0.261897
3.2516e-05	0.999969	0.00788792
0.261905	-0.0076211	0.965063
