XYZ rotation is: [-5.37874e-09, -2.53997e-08, -1.29426e-09]
Rotation matrix C1MO (O to C1):
1	1.29426e-09	-2.53997e-08
-1.29426e-09	1	5.37874e-09
2.53997e-08	-5.37874e-09	1
XYZ rotation is: [-0.00756428, -0.305273, -0.00238639]
Rotation matrix C2MO (O to C2):
0.953762	0.00465976	-0.300526
-0.00227606	0.999963	0.00828141
0.300553	-0.00721448	0.953738
XYZ rotation is: [-0.00756428, -0.305273, -0.00238639]
Rotation matrix R:
0.953762	0.00465976	-0.300526
-0.00227605	0.999963	0.0082814
0.300553	-0.00721448	0.953738
