XYZ rotation is: [3.90061e-09, -4.98499e-08, -6.36113e-09]
Rotation matrix C1MO (O to C1):
1	6.36113e-09	-4.98499e-08
-6.36113e-09	1	-3.90061e-09
4.98499e-08	3.90061e-09	1
XYZ rotation is: [0.0742747, -0.317763, -0.0326483]
Rotation matrix C2MO (O to C2):
0.949431	0.00937968	-0.313837
-0.0310083	0.997468	-0.0639961
0.312442	0.0704914	0.947318
XYZ rotation is: [0.0742746, -0.317763, -0.0326483]
Rotation matrix R:
0.949431	0.00937968	-0.313837
-0.0310083	0.997468	-0.0639961
0.312442	0.0704914	0.947318
