XYZ rotation is: [-5.07371e-09, 1.25077e-09, -1.09723e-10]
Rotation matrix C1MO (O to C1):
1	1.09723e-10	1.25077e-09
-1.09723e-10	1	5.07371e-09
-1.25077e-09	-5.07371e-09	1
XYZ rotation is: [-0.0115221, -0.252124, -0.00132116]
Rotation matrix C2MO (O to C2):
0.968384	0.00419532	-0.24943
-0.00127939	0.999929	0.0118514
0.249462	-0.0111575	0.96832
XYZ rotation is: [-0.0115221, -0.252124, -0.00132116]
Rotation matrix R:
0.968384	0.00419532	-0.24943
-0.00127939	0.999929	0.0118513
0.249462	-0.0111575	0.96832
