XYZ rotation is: [3.09993e-07, 2.2287e-07, -1.38471e-07]
Rotation matrix C1MO (O to C1):
1	1.38471e-07	2.2287e-07
-1.38471e-07	1	-3.09993e-07
-2.2287e-07	3.09993e-07	1
XYZ rotation is: [-0.126541, -1.11264, 0.0956363]
Rotation matrix C2MO (O to C2):
0.440272	0.0179444	-0.897685
0.0422348	0.99828	0.0406694
0.896871	-0.0558192	0.438757
XYZ rotation is: [-0.126542, -1.11264, 0.0956367]
Rotation matrix R:
0.440272	0.0179446	-0.897685
0.042235	0.99828	0.0406697
0.896871	-0.0558194	0.438756
