XYZ rotation is: [-2.71989e-09, 3.04935e-08, 1.61082e-09]
Rotation matrix C1MO (O to C1):
1	-1.61082e-09	3.04935e-08
1.61082e-09	1	2.71989e-09
-3.04935e-08	-2.71989e-09	1
XYZ rotation is: [9.92511e-05, -0.328645, -0.00216025]
Rotation matrix C2MO (O to C2):
0.946478	0.00212822	-0.32276
-0.00204464	0.999998	0.000597993
0.322761	9.39393e-05	0.946481
XYZ rotation is: [9.92544e-05, -0.328645, -0.00216025]
Rotation matrix R:
0.946478	0.00212822	-0.32276
-0.00204464	0.999998	0.00059799
0.322761	9.39424e-05	0.946481
