XYZ rotation is: [1.21167e-08, 4.67034e-08, -4.32094e-09]
Rotation matrix C1MO (O to C1):
1	4.32094e-09	4.67034e-08
-4.32094e-09	1	-1.21167e-08
-4.67034e-08	1.21167e-08	1
XYZ rotation is: [-0.012346, -0.303887, 0.000683625]
Rotation matrix C2MO (O to C2):
0.95418	0.00301064	-0.299217
0.000652301	0.999926	0.0121411
0.299231	-0.01178	0.954108
XYZ rotation is: [-0.012346, -0.303887, 0.00068363]
Rotation matrix R:
0.95418	0.00301064	-0.299217
0.000652306	0.999926	0.0121411
0.299231	-0.01178	0.954108
