XYZ rotation is: [6.48527e-08, -1.75454e-07, -3.57013e-08]
Rotation matrix C1MO (O to C1):
1	3.57013e-08	-1.75454e-07
-3.57013e-08	1	-6.48527e-08
1.75454e-07	6.48527e-08	1
XYZ rotation is: [-0.00880938, -0.403509, 0.0116573]
Rotation matrix C2MO (O to C2):
0.919626	-0.0081979	-0.392709
0.0107209	0.999934	0.00423173
0.392648	-0.00810179	0.919653
XYZ rotation is: [-0.00880946, -0.403509, 0.0116574]
Rotation matrix R:
0.919626	-0.0081979	-0.392709
0.0107209	0.999934	0.0042318
0.392648	-0.00810186	0.919653
