XYZ rotation is: [2.67186e-07, -1.3602e-07, -1.11596e-07]
Rotation matrix C1MO (O to C1):
1	1.11596e-07	-1.3602e-07
-1.11596e-07	1	-2.67186e-07
1.3602e-07	2.67186e-07	1
XYZ rotation is: [-0.0328539, -0.339611, 0.0037727]
Rotation matrix C2MO (O to C2):
0.942878	0.00717161	-0.333062
0.00355722	0.999495	0.0315917
0.33312	-0.0309719	0.942376
XYZ rotation is: [-0.0328542, -0.339611, 0.00377282]
Rotation matrix R:
0.942878	0.00717159	-0.333062
0.00355732	0.999495	0.031592
0.33312	-0.0309722	0.942376
