XYZ rotation is: [-2.63523e-08, -5.76501e-10, -8.62161e-10]
Rotation matrix C1MO (O to C1):
1	8.62161e-10	-5.76501e-10
-8.62161e-10	1	2.63523e-08
5.76501e-10	-2.63523e-08	1
XYZ rotation is: [-0.0144019, -0.270672, 0.0127862]
Rotation matrix C2MO (O to C2):
0.963513	-0.00893417	-0.267514
0.0123203	0.999864	0.010982
0.267379	-0.0138771	0.963491
XYZ rotation is: [-0.0144019, -0.270672, 0.0127862]
Rotation matrix R:
0.963513	-0.00893418	-0.267514
0.0123203	0.999864	0.0109819
0.267379	-0.0138771	0.963491
