XYZ rotation is: [-4.40272e-10, -2.01911e-08, 1.50254e-09]
Rotation matrix C1MO (O to C1):
1	-1.50254e-09	-2.01911e-08
1.50254e-09	1	4.40272e-10
2.01911e-08	-4.40272e-10	1
XYZ rotation is: [0.00107831, -0.303273, -0.00409666]
Rotation matrix C2MO (O to C2):
0.954356	0.00377462	-0.298647
-0.0039097	0.999992	0.000145143
0.298646	0.0010291	0.954364
XYZ rotation is: [0.00107831, -0.303273, -0.00409666]
Rotation matrix R:
0.954356	0.00377462	-0.298647
-0.0039097	0.999992	0.000145143
0.298646	0.0010291	0.954364
