XYZ rotation is: [1.12714e-08, -5.38074e-09, -2.96462e-09]
Rotation matrix C1MO (O to C1):
1	2.96462e-09	-5.38074e-09
-2.96462e-09	1	-1.12714e-08
5.38074e-09	1.12714e-08	1
XYZ rotation is: [-0.0172432, -0.297908, 0.00370081]
Rotation matrix C2MO (O to C2):
0.955946	0.00136072	-0.293539
0.00353779	0.999863	0.0161562
0.293521	-0.0164829	0.95581
XYZ rotation is: [-0.0172432, -0.297908, 0.00370081]
Rotation matrix R:
0.955946	0.00136072	-0.293539
0.00353779	0.999863	0.0161562
0.293521	-0.0164829	0.95581
