XYZ rotation is: [-1.96277e-08, -2.20449e-08, 4.75292e-09]
Rotation matrix C1MO (O to C1):
1	-4.75292e-09	-2.20449e-08
4.75292e-09	1	1.96277e-08
2.20449e-08	-1.96277e-08	1
XYZ rotation is: [-0.0411612, -0.317439, 0.0130758]
Rotation matrix C2MO (O to C2):
0.949957	-0.000221257	-0.312382
0.0124222	0.999236	0.0370682
0.312135	-0.0390936	0.949233
XYZ rotation is: [-0.0411611, -0.317439, 0.0130758]
Rotation matrix R:
0.949957	-0.000221258	-0.312382
0.0124221	0.999236	0.0370682
0.312135	-0.0390936	0.949233
