XYZ rotation is: [-5.3103e-10, -1.63329e-08, 5.48369e-09]
Rotation matrix C1MO (O to C1):
1	-5.48369e-09	-1.63329e-08
5.48369e-09	1	5.3103e-10
1.63329e-08	-5.3103e-10	1
XYZ rotation is: [-0.00414036, -0.291533, -0.000278837]
Rotation matrix C2MO (O to C2):
0.957804	0.00146886	-0.287418
-0.000267071	0.999991	0.00422049
0.287421	-0.00396564	0.957796
XYZ rotation is: [-0.00414035, -0.291533, -0.000278843]
Rotation matrix R:
0.957804	0.00146886	-0.287418
-0.000267077	0.999991	0.00422049
0.287421	-0.00396564	0.957796
