XYZ rotation is: [1.36694e-08, 3.60875e-08, -3.46259e-09]
Rotation matrix C1MO (O to C1):
1	3.46259e-09	3.60875e-08
-3.46259e-09	1	-1.36694e-08
-3.60875e-08	1.36694e-08	1
XYZ rotation is: [-0.00343673, -0.331999, 0.00118172]
Rotation matrix C2MO (O to C2):
0.945392	-6.15692e-05	-0.325935
0.00111719	0.999995	0.00305156
0.325933	-0.00324905	0.945387
XYZ rotation is: [-0.00343675, -0.331999, 0.00118172]
Rotation matrix R:
0.945392	-6.1568e-05	-0.325935
0.00111719	0.999995	0.00305158
0.325934	-0.00324907	0.945387
