XYZ rotation is: [3.23523e-09, -1.38766e-08, 3.55432e-09]
Rotation matrix C1MO (O to C1):
1	-3.55432e-09	-1.38766e-08
3.55432e-09	1	-3.23523e-09
1.38766e-08	3.23523e-09	1
XYZ rotation is: [0.0250415, -0.344227, -0.00913489]
Rotation matrix C2MO (O to C2):
0.941297	0.000682415	-0.337578
-0.00859889	0.999722	-0.0219561
0.337469	0.02357	0.941041
XYZ rotation is: [0.0250415, -0.344227, -0.0091349]
Rotation matrix R:
0.941297	0.00068242	-0.337578
-0.00859889	0.999722	-0.0219561
0.337469	0.02357	0.941041
