XYZ rotation is: [-9.23971e-09, 6.3639e-10, 2.00893e-09]
Rotation matrix C1MO (O to C1):
1	-2.00893e-09	6.3639e-10
2.00893e-09	1	9.23971e-09
-6.3639e-10	-9.23971e-09	1
XYZ rotation is: [-0.0228115, -0.314884, 0.0112725]
Rotation matrix C2MO (O to C2):
0.950772	-0.0042055	-0.309863
0.010718	0.999756	0.0193179
0.309706	-0.021688	0.950585
XYZ rotation is: [-0.0228114, -0.314884, 0.0112725]
Rotation matrix R:
0.950772	-0.00420551	-0.309863
0.010718	0.999756	0.0193179
0.309706	-0.021688	0.950585
