XYZ rotation is: [-6.61594e-08, 1.36785e-08, 3.76242e-08]
Rotation matrix C1MO (O to C1):
1	-3.76242e-08	1.36785e-08
3.76242e-08	1	6.61594e-08
-1.36785e-08	-6.61594e-08	1
XYZ rotation is: [0.0086502, -0.42306, 0.00167118]
Rotation matrix C2MO (O to C2):
0.911835	-0.00522244	-0.410523
0.00152385	0.999955	-0.00933617
0.410553	0.00788747	0.911803
XYZ rotation is: [0.00865029, -0.42306, 0.00167114]
Rotation matrix R:
0.911835	-0.00522243	-0.410523
0.00152381	0.999955	-0.00933623
0.410553	0.00788755	0.911803
