XYZ rotation is: [2.83096e-08, -6.53799e-08, -9.91071e-09]
Rotation matrix C1MO (O to C1):
1	9.91071e-09	-6.53799e-08
-9.91071e-09	1	-2.83096e-08
6.53799e-08	2.83096e-08	1
XYZ rotation is: [0.0372351, -0.501982, -0.0186171]
Rotation matrix C2MO (O to C2):
0.876479	0.000694238	-0.48144
-0.0163194	0.999467	-0.0282688
0.481164	0.0326339	0.876023
XYZ rotation is: [0.037235, -0.501982, -0.0186171]
Rotation matrix R:
0.876479	0.000694243	-0.48144
-0.0163194	0.999467	-0.0282688
0.481164	0.0326338	0.876023
