XYZ rotation is: [3.33976e-09, 6.70863e-08, -2.79935e-09]
Rotation matrix C1MO (O to C1):
1	2.79935e-09	6.70863e-08
-2.79935e-09	1	-3.33976e-09
-6.70863e-08	3.33976e-09	1
XYZ rotation is: [-0.00185038, -0.319772, -0.00236303]
Rotation matrix C2MO (O to C2):
0.949305	0.00294469	-0.314344
-0.00224324	0.999994	0.00259319
0.31435	-0.00175658	0.949306
XYZ rotation is: [-0.00185038, -0.319772, -0.00236303]
Rotation matrix R:
0.949305	0.00294469	-0.314344
-0.00224324	0.999994	0.00259319
0.31435	-0.00175658	0.949306
