XYZ rotation is: [1.97001e-08, 2.87814e-08, -3.52099e-09]
Rotation matrix C1MO (O to C1):
1	3.52099e-09	2.87814e-08
-3.52099e-09	1	-1.97001e-08
-2.87814e-08	1.97001e-08	1
XYZ rotation is: [-0.00219785, -0.329203, 7.94374e-05]
Rotation matrix C2MO (O to C2):
0.9463	0.000631103	-0.323288
7.51716e-05	0.999998	0.00217217
0.323289	-0.00207983	0.946298
XYZ rotation is: [-0.00219787, -0.329203, 7.94412e-05]
Rotation matrix R:
0.9463	0.000631106	-0.323288
7.51752e-05	0.999998	0.00217219
0.323289	-0.00207985	0.946298
