XYZ rotation is: [1.41717e-09, 3.11616e-09, -1.16169e-09]
Rotation matrix C1MO (O to C1):
1	1.16169e-09	3.11616e-09
-1.16169e-09	1	-1.41717e-09
-3.11616e-09	1.41717e-09	1
XYZ rotation is: [-0.0151779, -0.360792, 0.00506892]
Rotation matrix C2MO (O to C2):
0.935606	0.000289451	-0.353047
0.00474255	0.999899	0.0133879
0.353015	-0.0142002	0.93551
XYZ rotation is: [-0.0151779, -0.360792, 0.00506892]
Rotation matrix R:
0.935605	0.00028945	-0.353047
0.00474255	0.999899	0.0133879
0.353015	-0.0142002	0.93551
