XYZ rotation is: [2.1874e-09, -8.3449e-09, -5.58286e-09]
Rotation matrix C1MO (O to C1):
1	5.58286e-09	-8.3449e-09
-5.58286e-09	1	-2.1874e-09
8.3449e-09	2.1874e-09	1
XYZ rotation is: [-0.00413255, -0.316336, 0.00192093]
Rotation matrix C2MO (O to C2):
0.95038	-0.000635338	-0.311091
0.00182562	0.999992	0.00353496
0.311087	-0.00392749	0.950373
XYZ rotation is: [-0.00413255, -0.316336, 0.00192094]
Rotation matrix R:
0.95038	-0.000635343	-0.311091
0.00182562	0.999992	0.00353496
0.311087	-0.00392749	0.950373
