XYZ rotation is: [-5.27753e-09, 1.00318e-08, 6.13238e-09]
Rotation matrix C1MO (O to C1):
1	-6.13238e-09	1.00318e-08
6.13238e-09	1	5.27753e-09
-1.00318e-08	-5.27753e-09	1
XYZ rotation is: [0.00355906, -0.318218, -0.00249036]
Rotation matrix C2MO (O to C2):
0.949791	0.00137681	-0.312881
-0.00236533	0.999993	-0.00277988
0.312875	0.00338037	0.949788
XYZ rotation is: [0.00355907, -0.318218, -0.00249037]
Rotation matrix R:
0.949791	0.00137681	-0.312881
-0.00236533	0.999993	-0.00277988
0.312875	0.00338038	0.949788
