XYZ rotation is: [6.91077e-09, -1.11141e-08, -1.85005e-09]
Rotation matrix C1MO (O to C1):
1	1.85005e-09	-1.11141e-08
-1.85005e-09	1	-6.91077e-09
1.11141e-08	6.91077e-09	1
XYZ rotation is: [0.000401436, -0.284713, -0.00182264]
Rotation matrix C2MO (O to C2):
0.959741	0.00170988	-0.280882
-0.00174926	0.999998	0.00011051
0.280882	0.000385275	0.959742
XYZ rotation is: [0.000401428, -0.284713, -0.00182263]
Rotation matrix R:
0.959741	0.00170988	-0.280882
-0.00174926	0.999998	0.000110516
0.280882	0.000385268	0.959742
