XYZ rotation is: [6.42214e-09, -3.49104e-09, 4.28782e-09]
Rotation matrix C1MO (O to C1):
1	-4.28782e-09	-3.49104e-09
4.28782e-09	1	-6.42214e-09
3.49104e-09	6.42214e-09	1
XYZ rotation is: [-0.0198437, -0.32513, 0.00585003]
Rotation matrix C2MO (O to C2):
0.947593	0.000489344	-0.319479
0.00554351	0.999823	0.0179738
0.319432	-0.0188029	0.947423
XYZ rotation is: [-0.0198437, -0.32513, 0.00585002]
Rotation matrix R:
0.947593	0.00048935	-0.319479
0.0055435	0.999823	0.0179738
0.319432	-0.0188029	0.947423
