XYZ rotation is: [1.75568e-08, 6.92211e-10, -7.32673e-09]
Rotation matrix C1MO (O to C1):
1	7.32673e-09	6.92211e-10
-7.32673e-09	1	-1.75568e-08
-6.92211e-10	1.75568e-08	1
XYZ rotation is: [-0.00993745, -0.337308, 0.00149719]
Rotation matrix C2MO (O to C2):
0.943648	0.00179161	-0.330946
0.00141282	0.999954	0.00944181
0.330948	-0.00937731	0.943602
XYZ rotation is: [-0.00993747, -0.337308, 0.0014972]
Rotation matrix R:
0.943648	0.00179161	-0.330946
0.00141283	0.999954	0.00944183
0.330948	-0.00937733	0.943602
