XYZ rotation is: [-1.57944e-08, 1.04066e-07, 1.06402e-08]
Rotation matrix C1MO (O to C1):
1	-1.06402e-08	1.04066e-07
1.06402e-08	1	1.57944e-08
-1.04066e-07	-1.57944e-08	1
XYZ rotation is: [0.0363668, -0.376486, -0.009806]
Rotation matrix C2MO (O to C2):
0.929917	-0.00356751	-0.367751
-0.00911906	0.999422	-0.0327543
0.367655	0.0338123	0.929347
XYZ rotation is: [0.0363668, -0.376487, -0.00980601]
Rotation matrix R:
0.929917	-0.00356751	-0.367751
-0.00911907	0.999422	-0.0327543
0.367655	0.0338123	0.929347
