XYZ rotation is: [8.67087e-09, 4.35382e-09, -1.28899e-09]
Rotation matrix C1MO (O to C1):
1	1.28899e-09	4.35382e-09
-1.28899e-09	1	-8.67087e-09
-4.35382e-09	8.67087e-09	1
XYZ rotation is: [0.00203105, -0.312293, -0.00488133]
Rotation matrix C2MO (O to C2):
0.95162	0.00425729	-0.307247
-0.00464521	0.999989	-0.00053129
0.307241	0.00193281	0.95163
XYZ rotation is: [0.00203105, -0.312293, -0.00488133]
Rotation matrix R:
0.95162	0.00425729	-0.307247
-0.00464521	0.999989	-0.000531281
0.307241	0.00193281	0.95163
