XYZ rotation is: [-5.51905e-08, -1.2238e-07, 2.44938e-08]
Rotation matrix C1MO (O to C1):
1	-2.44938e-08	-1.2238e-07
2.44938e-08	1	5.51905e-08
1.2238e-07	-5.51905e-08	1
XYZ rotation is: [0.0423629, -0.431589, -0.0113566]
Rotation matrix C2MO (O to C2):
0.908244	-0.0063684	-0.418393
-0.010315	0.99924	-0.0376012
0.418315	0.0384668	0.907487
XYZ rotation is: [0.042363, -0.431589, -0.0113566]
Rotation matrix R:
0.908244	-0.0063684	-0.418393
-0.010315	0.99924	-0.0376013
0.418314	0.0384669	0.907487
