XYZ rotation is: [-4.22363e-08, 1.91588e-08, 4.79412e-09]
Rotation matrix C1MO (O to C1):
1	-4.79412e-09	1.91588e-08
4.79412e-09	1	4.22363e-08
-1.91588e-08	-4.22363e-08	1
XYZ rotation is: [-0.0195506, -0.294451, 0.00275002]
Rotation matrix C2MO (O to C2):
0.956958	0.00292398	-0.290212
0.00263166	0.999821	0.0187513
0.290214	-0.018708	0.956779
XYZ rotation is: [-0.0195505, -0.294451, 0.00275002]
Rotation matrix R:
0.956958	0.00292398	-0.290212
0.00263166	0.999821	0.0187513
0.290214	-0.0187079	0.956779
