XYZ rotation is: [-4.78859e-10, 6.14097e-09, -4.34834e-10]
Rotation matrix C1MO (O to C1):
1	4.34834e-10	6.14097e-09
-4.34834e-10	1	4.78859e-10
-6.14097e-09	-4.78859e-10	1
XYZ rotation is: [-3.10951, -0.24879, 0.177219]
Rotation matrix C2MO (O to C2):
0.954031	0.183977	0.236594
0.170865	-0.982439	0.0749641
0.246231	-0.0310925	-0.968712
XYZ rotation is: [-3.10951, -0.24879, 0.177219]
Rotation matrix R:
0.954031	0.183977	0.236594
0.170865	-0.982439	0.0749641
0.246231	-0.0310925	-0.968712
