XYZ rotation is: [-4.37045e-09, 1.78763e-08, 1.86922e-09]
Rotation matrix C1MO (O to C1):
1	-1.86922e-09	1.78763e-08
1.86922e-09	1	4.37045e-09
-1.78763e-08	-4.37045e-09	1
XYZ rotation is: [-0.00455945, -0.482052, 0.00226985]
Rotation matrix C2MO (O to C2):
0.886043	-0.000156087	-0.463603
0.00201119	0.999992	0.00350714
0.463599	-0.00403987	0.886036
XYZ rotation is: [-0.00455945, -0.482052, 0.00226985]
Rotation matrix R:
0.886043	-0.000156087	-0.463603
0.00201119	0.999992	0.00350713
0.463599	-0.00403986	0.886036
