XYZ rotation is: [6.77756e-08, -1.00894e-07, 8.347e-09]
Rotation matrix C1MO (O to C1):
1	-8.347e-09	-1.00894e-07
8.347e-09	1	-6.77756e-08
1.00894e-07	6.77756e-08	1
XYZ rotation is: [0.182832, -0.0555484, 0.0445682]
Rotation matrix C2MO (O to C2):
0.997466	-0.0538952	-0.0464398
0.0444848	0.981907	-0.184066
0.0555198	0.181534	0.981816
XYZ rotation is: [0.182831, -0.0555483, 0.0445683]
Rotation matrix R:
0.997466	-0.0538952	-0.0464397
0.0444848	0.981907	-0.184066
0.0555197	0.181534	0.981816
