XYZ rotation is: [3.30533e-08, -3.05918e-08, -2.8459e-09]
Rotation matrix C1MO (O to C1):
1	2.8459e-09	-3.05918e-08
-2.8459e-09	1	-3.30533e-08
3.05918e-08	3.30533e-08	1
XYZ rotation is: [-0.0118829, 0.162228, 0.00076813]
Rotation matrix C2MO (O to C2):
0.98687	-0.00268732	0.161496
0.000758044	0.999928	0.0120067
-0.161517	-0.0117266	0.9868
XYZ rotation is: [-0.011883, 0.162228, 0.000768132]
Rotation matrix R:
0.98687	-0.00268733	0.161496
0.000758047	0.999928	0.0120067
-0.161517	-0.0117267	0.9868
