XYZ rotation is: [-1.19481e-07, -1.19734e-07, -1.65833e-08]
Rotation matrix C1MO (O to C1):
1	1.65834e-08	-1.19734e-07
-1.65833e-08	1	1.19481e-07
1.19734e-07	-1.19481e-07	1
XYZ rotation is: [-0.000364581, 0.107445, 0.000561483]
Rotation matrix C2MO (O to C2):
0.994233	-0.00060058	0.107238
0.000558246	1	0.000424794
-0.107238	-0.000362479	0.994233
XYZ rotation is: [-0.00036446, 0.107445, 0.0005615]
Rotation matrix R:
0.994233	-0.000600584	0.107238
0.000558262	1	0.000424674
-0.107238	-0.000362358	0.994233
