XYZ rotation is: [-7.79933e-08, 1.69481e-07, -6.14609e-08]
Rotation matrix C1MO (O to C1):
1	6.14609e-08	1.69481e-07
-6.14609e-08	1	7.79933e-08
-1.69481e-07	-7.79933e-08	1
XYZ rotation is: [0.919315, 1.07797, 0.684815]
Rotation matrix C2MO (O to C2):
0.36645	0.159063	0.916741
0.299264	0.912775	-0.278
-0.880997	0.37622	0.286885
XYZ rotation is: [0.919315, 1.07797, 0.684815]
Rotation matrix R:
0.36645	0.159063	0.916741
0.299264	0.912775	-0.278
-0.880997	0.37622	0.286885
