XYZ rotation is: [-1.53943e-09, -3.3081e-08, -2.4336e-09]
Rotation matrix C1MO (O to C1):
1	2.4336e-09	-3.3081e-08
-2.4336e-09	1	1.53943e-09
3.3081e-08	-1.53943e-09	1
XYZ rotation is: [0.00991097, 0.119255, 0.00483722]
Rotation matrix C2MO (O to C2):
0.992886	-0.00365786	0.119013
0.00480284	0.999945	-0.00933523
-0.118972	0.00984042	0.992849
XYZ rotation is: [0.00991097, 0.119255, 0.00483722]
Rotation matrix R:
0.992886	-0.00365786	0.119013
0.00480284	0.999945	-0.00933523
-0.118972	0.00984042	0.992849
