XYZ rotation is: [1.87767e-08, 1.73695e-08, 7.5582e-09]
Rotation matrix C1MO (O to C1):
1	-7.5582e-09	1.73695e-08
7.5582e-09	1	-1.87767e-08
-1.73695e-08	1.87767e-08	1
XYZ rotation is: [0.0246655, 0.113656, 0.00269304]
Rotation matrix C2MO (O to C2):
0.993545	0.000104845	0.113443
0.00267566	0.9997	-0.0243576
-0.113411	0.0245039	0.993246
XYZ rotation is: [0.0246655, 0.113656, 0.00269303]
Rotation matrix R:
0.993545	0.000104851	0.113443
0.00267565	0.9997	-0.0243576
-0.113411	0.0245039	0.993246
