XYZ rotation is: [-9.73012e-08, -5.48979e-08, -1.22618e-08]
Rotation matrix C1MO (O to C1):
1	1.22618e-08	-5.48979e-08
-1.22618e-08	1	9.73012e-08
5.48979e-08	-9.73012e-08	1
XYZ rotation is: [0.0197705, 0.131523, 0.00463403]
Rotation matrix C2MO (O to C2):
0.991353	-0.00204052	0.131209
0.00459399	0.999806	-0.0191614
-0.131144	0.0195985	0.99117
XYZ rotation is: [0.0197706, 0.131523, 0.00463404]
Rotation matrix R:
0.991353	-0.00204051	0.131209
0.004594	0.999806	-0.0191615
-0.131144	0.0195986	0.99117
