XYZ rotation is: [-3.44584e-08, -1.09475e-08, -4.8966e-09]
Rotation matrix C1MO (O to C1):
1	4.8966e-09	-1.09475e-08
-4.8966e-09	1	3.44584e-08
1.09475e-08	-3.44584e-08	1
XYZ rotation is: [0.0102066, 0.141134, 0.00217497]
Rotation matrix C2MO (O to C2):
0.990055	-0.000739173	0.14068
0.00215334	0.999949	-0.00990044
-0.140665	0.0101049	0.990006
XYZ rotation is: [0.0102066, 0.141134, 0.00217498]
Rotation matrix R:
0.990055	-0.000739173	0.14068
0.00215335	0.999949	-0.00990047
-0.140665	0.0101049	0.990006
