XYZ rotation is: [-2.2627e-08, 3.84563e-08, -1.70805e-09]
Rotation matrix C1MO (O to C1):
1	1.70805e-09	3.84563e-08
-1.70805e-09	1	2.2627e-08
-3.84563e-08	-2.2627e-08	1
XYZ rotation is: [-0.000847545, 0.122662, -0.00102502]
Rotation matrix C2MO (O to C2):
0.992486	0.000921314	0.122356
-0.00101731	0.999999	0.000722129
-0.122355	-0.000841177	0.992486
XYZ rotation is: [-0.000847522, 0.122662, -0.00102501]
Rotation matrix R:
0.992486	0.000921315	0.122356
-0.00101731	0.999999	0.000722106
-0.122355	-0.000841154	0.992486
