XYZ rotation is: [-4.31732e-08, 3.0308e-08, 2.25049e-09]
Rotation matrix C1MO (O to C1):
1	-2.25049e-09	3.0308e-08
2.25049e-09	1	4.31732e-08
-3.0308e-08	-4.31732e-08	1
XYZ rotation is: [-0.0239, 0.149224, 0.00450161]
Rotation matrix C2MO (O to C2):
0.988877	-0.00805315	0.148519
0.00445157	0.999688	0.0245665
-0.14867	-0.0236321	0.988604
XYZ rotation is: [-0.0238999, 0.149224, 0.00450161]
Rotation matrix R:
0.988877	-0.00805314	0.148519
0.00445157	0.999688	0.0245665
-0.14867	-0.0236321	0.988604
