XYZ rotation is: [-2.88813e-09, 3.97076e-08, 3.06458e-09]
Rotation matrix C1MO (O to C1):
1	-3.06458e-09	3.97076e-08
3.06458e-09	1	2.88813e-09
-3.97076e-08	-2.88813e-09	1
XYZ rotation is: [0.0119644, 0.140293, 0.00326878]
Rotation matrix C2MO (O to C2):
0.99017	-0.00159557	0.139861
0.00323666	0.999929	-0.011507
-0.139833	0.0118465	0.990104
XYZ rotation is: [0.0119644, 0.140293, 0.00326878]
Rotation matrix R:
0.99017	-0.00159557	0.139861
0.00323665	0.999929	-0.011507
-0.139833	0.0118465	0.990104
