XYZ rotation is: [2.04093e-08, -5.43863e-08, 4.13639e-09]
Rotation matrix C1MO (O to C1):
1	-4.13639e-09	-5.43863e-08
4.13639e-09	1	-2.04093e-08
5.43863e-08	2.04093e-08	1
XYZ rotation is: [0.0117602, -0.756199, -0.0158898]
Rotation matrix C2MO (O to C2):
0.727357	0.00781978	-0.686214
-0.0115585	0.999933	-0.000856734
0.686162	0.00855476	0.727399
XYZ rotation is: [0.0117602, -0.756199, -0.0158898]
Rotation matrix R:
0.727357	0.0078198	-0.686214
-0.0115585	0.999933	-0.000856714
0.686162	0.00855475	0.727399
