XYZ rotation is: [-1.05173e-08, 4.5808e-08, 6.45172e-09]
Rotation matrix C1MO (O to C1):
1	-6.45172e-09	4.5808e-08
6.45172e-09	1	1.05173e-08
-4.5808e-08	-1.05173e-08	1
XYZ rotation is: [0.00627898, 0.1671, -0.00177127]
Rotation matrix C2MO (O to C2):
0.98607	0.00281556	0.166308
-0.0017466	0.999977	-0.00657353
-0.166323	0.00619148	0.986052
XYZ rotation is: [0.00627899, 0.1671, -0.00177127]
Rotation matrix R:
0.98607	0.00281557	0.166308
-0.0017466	0.999977	-0.00657354
-0.166323	0.00619149	0.986052
