XYZ rotation is: [2.74966e-07, 6.14673e-06, 1.78258e-07]
Rotation matrix C1MO (O to C1):
1	-1.78256e-07	6.14673e-06
1.78258e-07	1	-2.74965e-07
-6.14673e-06	2.74966e-07	1
XYZ rotation is: [2.87097, 1.13009, 2.8454]
Rotation matrix C2MO (O to C2):
-0.408002	0.0500041	0.91161
0.124511	0.992217	0.00130071
-0.904451	0.114036	-0.411053
XYZ rotation is: [2.87097, 1.1301, 2.84539]
Rotation matrix R:
-0.407997	0.0500037	0.911613
0.12451	0.992217	0.00130022
-0.904453	0.114036	-0.411048
