XYZ rotation is: [4.02482e-08, 1.62745e-07, -3.39901e-09]
Rotation matrix C1MO (O to C1):
1	3.39902e-09	1.62745e-07
-3.39901e-09	1	-4.02482e-08
-1.62745e-07	4.02482e-08	1
XYZ rotation is: [0.0112627, -0.00162154, -0.00112892]
Rotation matrix C2MO (O to C2):
0.999998	0.00111058	-0.00163415
-0.00112891	0.999936	-0.0112606
0.00162154	0.0112624	0.999935
XYZ rotation is: [0.0112626, -0.0016217, -0.00112891]
Rotation matrix R:
0.999998	0.00111058	-0.00163431
-0.00112891	0.999936	-0.0112606
0.0016217	0.0112624	0.999935
