XYZ rotation is: [-4.93481e-08, 2.69198e-08, -1.05131e-08]
Rotation matrix C1MO (O to C1):
1	1.05131e-08	2.69198e-08
-1.05131e-08	1	4.93481e-08
-2.69198e-08	-4.93481e-08	1
XYZ rotation is: [0.00930298, 0.232236, 0.000595468]
Rotation matrix C2MO (O to C2):
0.973154	0.00154564	0.23015
0.000579482	0.999958	-0.0091658
-0.230154	0.0090531	0.973112
XYZ rotation is: [0.00930303, 0.232236, 0.000595479]
Rotation matrix R:
0.973154	0.00154565	0.23015
0.000579493	0.999958	-0.00916585
-0.230154	0.00905315	0.973112
