XYZ rotation is: [1.09049e-08, 2.68314e-07, -1.01229e-07]
Rotation matrix C1MO (O to C1):
1	1.01229e-07	2.68314e-07
-1.01229e-07	1	-1.0905e-08
-2.68314e-07	1.09049e-08	1
XYZ rotation is: [-0.0121766, 0.700823, 0.00572546]
Rotation matrix C2MO (O to C2):
0.764299	-0.0135767	0.644719
0.00437601	0.999865	0.0158678
-0.644847	-0.00930646	0.764255
XYZ rotation is: [-0.0121765, 0.700823, 0.00572559]
Rotation matrix R:
0.764299	-0.0135768	0.644719
0.00437611	0.999865	0.0158678
-0.644847	-0.00930641	0.764255
