XYZ rotation is: [4.52931e-08, 9.16545e-09, -1.36044e-09]
Rotation matrix C1MO (O to C1):
1	1.36044e-09	9.16545e-09
-1.36044e-09	1	-4.52931e-08
-9.16545e-09	4.52931e-08	1
XYZ rotation is: [-0.008637, 0.117807, -0.00266591]
Rotation matrix C2MO (O to C2):
0.993065	0.00165067	0.117553
-0.00264743	0.999962	0.00832354
-0.117535	-0.00857703	0.993032
XYZ rotation is: [-0.00863705, 0.117807, -0.0026659]
Rotation matrix R:
0.993065	0.00165067	0.117553
-0.00264742	0.999962	0.00832358
-0.117535	-0.00857707	0.993032
