XYZ rotation is: [4.56379e-08, 1.69673e-07, -8.87284e-09]
Rotation matrix C1MO (O to C1):
1	8.87284e-09	1.69673e-07
-8.87284e-09	1	-4.56379e-08
-1.69673e-07	4.56379e-08	1
XYZ rotation is: [0.0229774, -0.0359814, 0.00655581]
Rotation matrix C2MO (O to C2):
0.999331	-0.00738052	-0.0358127
0.00655152	0.999709	-0.0232106
0.0359736	0.0229605	0.999089
XYZ rotation is: [0.0229773, -0.0359815, 0.00655581]
Rotation matrix R:
0.999331	-0.00738053	-0.0358129
0.00655152	0.999709	-0.0232106
0.0359738	0.0229604	0.999089
