XYZ rotation is: [-6.66783e-08, -9.9402e-09, -1.21708e-08]
Rotation matrix C1MO (O to C1):
1	1.21708e-08	-9.9402e-09
-1.21708e-08	1	6.66783e-08
9.9402e-09	-6.66783e-08	1
XYZ rotation is: [0.0174487, 0.0658438, 0.00132826]
Rotation matrix C2MO (O to C2):
0.997832	-0.000180055	0.0658093
0.00132538	0.999848	-0.0173604
-0.0657962	0.01741	0.997681
XYZ rotation is: [0.0174488, 0.0658438, 0.00132827]
Rotation matrix R:
0.997832	-0.000180063	0.0658093
0.00132539	0.999848	-0.0173605
-0.0657962	0.0174101	0.997681
