XYZ rotation is: [-3.74158e-07, 9.28417e-06, -2.57717e-07]
Rotation matrix C1MO (O to C1):
1	2.57713e-07	9.28417e-06
-2.57717e-07	1	3.74155e-07
-9.28417e-06	-3.74158e-07	1
XYZ rotation is: [0.281429, 1.2129, 0.225369]
Rotation matrix C2MO (O to C2):
0.34145	0.0388773	0.939096
0.0782821	0.994496	-0.0696337
-0.936634	0.0972908	0.336527
XYZ rotation is: [0.281423, 1.21289, 0.225362]
Rotation matrix R:
0.341459	0.0388775	0.939092
0.0782817	0.994496	-0.0696348
-0.936631	0.0972912	0.336536
