XYZ rotation is: [3.61078e-08, 1.25598e-08, 2.07425e-09]
Rotation matrix C1MO (O to C1):
1	-2.07425e-09	1.25598e-08
2.07425e-09	1	-3.61078e-08
-1.25598e-08	3.61078e-08	1
XYZ rotation is: [0.0289355, 0.12319, 0.0010592]
Rotation matrix C2MO (O to C2):
0.992421	0.00249631	0.122858
0.00105117	0.999585	-0.0288013
-0.122879	0.0287122	0.992006
XYZ rotation is: [0.0289354, 0.12319, 0.00105919]
Rotation matrix R:
0.992421	0.0024963	0.122858
0.00105117	0.999585	-0.0288013
-0.122879	0.0287121	0.992006
