XYZ rotation is: [3.79697e-09, -2.72613e-08, -2.01066e-09]
Rotation matrix C1MO (O to C1):
1	2.01066e-09	-2.72613e-08
-2.01066e-09	1	-3.79697e-09
2.72613e-08	3.79697e-09	1
XYZ rotation is: [0.0219816, 0.157227, 0.00355948]
Rotation matrix C2MO (O to C2):
0.987659	-0.000117041	0.15662
0.00351557	0.999764	-0.0214224
-0.15658	0.0217087	0.987427
XYZ rotation is: [0.0219815, 0.157227, 0.00355949]
Rotation matrix R:
0.987659	-0.000117044	0.15662
0.00351557	0.999764	-0.0214224
-0.15658	0.0217087	0.987427
