XYZ rotation is: [8.14669e-08, 8.45204e-08, 1.24057e-09]
Rotation matrix C1MO (O to C1):
1	-1.24056e-09	8.45204e-08
1.24057e-09	1	-8.14669e-08
-8.45204e-08	8.14669e-08	1
XYZ rotation is: [0.00199159, 0.130484, 0.00147094]
Rotation matrix C2MO (O to C2):
0.991498	-0.0012118	0.130117
0.00145843	0.999997	-0.0018002
-0.130115	0.00197466	0.991497
XYZ rotation is: [0.00199151, 0.130484, 0.00147094]
Rotation matrix R:
0.991498	-0.00121181	0.130117
0.00145843	0.999997	-0.00180012
-0.130114	0.00197458	0.991497
