XYZ rotation is: [2.45303e-08, 1.02264e-09, -1.48799e-09]
Rotation matrix C1MO (O to C1):
1	1.48799e-09	1.02264e-09
-1.48799e-09	1	-2.45303e-08
-1.02264e-09	2.45303e-08	1
XYZ rotation is: [-0.0300973, 0.0402667, 0.00144679]
Rotation matrix C2MO (O to C2):
0.999188	-0.00265754	0.040194
0.00144561	0.999544	0.030151
-0.0402559	-0.0300684	0.998737
XYZ rotation is: [-0.0300974, 0.0402667, 0.00144679]
Rotation matrix R:
0.999188	-0.00265754	0.040194
0.00144561	0.999544	0.030151
-0.0402559	-0.0300684	0.998737
