XYZ rotation is: [-5.06286e-08, -1.01139e-05, -2.15783e-08]
Rotation matrix C1MO (O to C1):
1	2.15788e-08	-1.01139e-05
-2.15783e-08	1	5.06288e-08
1.01139e-05	-5.06286e-08	1
XYZ rotation is: [0.184865, -1.1219, -0.208696]
Rotation matrix C2MO (O to C2):
0.424558	0.0416448	-0.904443
-0.0899126	0.995943	0.0036517
0.900925	0.0797705	0.42658
XYZ rotation is: [0.184861, -1.12189, -0.208692]
Rotation matrix R:
0.424567	0.0416448	-0.904438
-0.0899127	0.995943	0.00365074
0.900921	0.0797705	0.426589
