XYZ rotation is: [5.21169e-08, -1.47556e-06, -6.82402e-08]
Rotation matrix C1MO (O to C1):
1	6.82402e-08	-1.47556e-06
-6.82402e-08	1	-5.21168e-08
1.47556e-06	5.21169e-08	1
XYZ rotation is: [0.0459005, 0.928586, 0.0313416]
Rotation matrix C2MO (O to C2):
0.598673	0.00542155	0.800975
0.0187695	0.999608	-0.0207949
-0.800774	0.0274832	0.598336
XYZ rotation is: [0.0459006, 0.928587, 0.0313418]
Rotation matrix R:
0.598672	0.00542147	0.800976
0.0187696	0.999608	-0.0207948
-0.800775	0.0274833	0.598335
