XYZ rotation is: [-6.50878e-08, -6.32483e-08, -8.27582e-09]
Rotation matrix C1MO (O to C1):
1	8.27582e-09	-6.32483e-08
-8.27582e-09	1	6.50878e-08
6.32483e-08	-6.50878e-08	1
XYZ rotation is: [0.0148476, 0.137773, 0.0010212]
Rotation matrix C2MO (O to C2):
0.990524	0.00101797	0.137338
0.00101153	0.999891	-0.0147068
-0.137338	0.0147064	0.990415
XYZ rotation is: [0.0148477, 0.137773, 0.00102121]
Rotation matrix R:
0.990524	0.00101797	0.137338
0.00101153	0.999891	-0.0147069
-0.137338	0.0147064	0.990415
