XYZ rotation is: [1.36201e-08, 2.51754e-08, 1.96024e-09]
Rotation matrix C1MO (O to C1):
1	-1.96024e-09	2.51754e-08
1.96024e-09	1	-1.36201e-08
-2.51754e-08	1.36201e-08	1
XYZ rotation is: [0.0410827, 0.185162, 0.0103526]
Rotation matrix C2MO (O to C2):
0.982854	-0.00278269	0.184365
0.0101755	0.999181	-0.0391646
-0.184106	0.0403691	0.982077
XYZ rotation is: [0.0410827, 0.185162, 0.0103526]
Rotation matrix R:
0.982854	-0.00278269	0.184365
0.0101755	0.999181	-0.0391646
-0.184105	0.0403691	0.982077
