XYZ rotation is: [-7.51378e-08, -3.40875e-08, 5.90738e-09]
Rotation matrix C1MO (O to C1):
1	-5.90738e-09	-3.40875e-08
5.90738e-09	1	7.51378e-08
3.40875e-08	-7.51378e-08	1
XYZ rotation is: [0.0306266, 0.121935, 0.00160622]
Rotation matrix C2MO (O to C2):
0.992574	0.00211916	0.121625
0.00159429	0.999536	-0.0304264
-0.121633	0.0303944	0.99211
XYZ rotation is: [0.0306266, 0.121935, 0.00160621]
Rotation matrix R:
0.992574	0.00211918	0.121625
0.00159428	0.999536	-0.0304265
-0.121633	0.0303945	0.99211
