XYZ rotation is: [2.74271e-08, -3.06979e-08, -1.63672e-09]
Rotation matrix C1MO (O to C1):
1	1.63672e-09	-3.06979e-08
-1.63672e-09	1	-2.74271e-08
3.06979e-08	2.74271e-08	1
XYZ rotation is: [0.00109428, 0.167568, -0.00109066]
Rotation matrix C2MO (O to C2):
0.985993	0.00127317	0.166784
-0.00107538	0.999999	-0.00127618
-0.166785	0.00107895	0.985993
XYZ rotation is: [0.00109425, 0.167568, -0.00109066]
Rotation matrix R:
0.985993	0.00127316	0.166784
-0.00107538	0.999999	-0.00127616
-0.166785	0.00107893	0.985993
