XYZ rotation is: [-2.02412e-07, 1.28201e-05, -9.00483e-08]
Rotation matrix C1MO (O to C1):
1	9.00457e-08	1.28201e-05
-9.00483e-08	1	2.0241e-07
-1.28201e-05	-2.02412e-07	1
XYZ rotation is: [3.04009, 1.15362, 3.03226]
Rotation matrix C2MO (O to C2):
-0.402765	0.0164697	0.915155
0.0442103	0.999021	0.00147817
-0.914235	0.0410547	-0.403099
XYZ rotation is: [3.04009, 1.15363, 3.03226]
Rotation matrix R:
-0.402753	0.01647	0.91516
0.0442104	0.999021	0.0014774
-0.91424	0.0410547	-0.403087
