XYZ rotation is: [-3.2165e-08, -1.68047e-08, 7.90076e-09]
Rotation matrix C1MO (O to C1):
1	-7.90076e-09	-1.68047e-08
7.90076e-09	1	3.2165e-08
1.68047e-08	-3.2165e-08	1
XYZ rotation is: [0.00770833, 0.157284, -0.00230761]
Rotation matrix C2MO (O to C2):
0.987654	0.00351493	0.156614
-0.00227912	0.999965	-0.00806968
-0.156637	0.0076131	0.987627
XYZ rotation is: [0.00770836, 0.157285, -0.00230761]
Rotation matrix R:
0.987654	0.00351494	0.156614
-0.00227913	0.999965	-0.00806971
-0.156637	0.00761313	0.987627
