XYZ rotation is: [-9.60641e-08, 1.52662e-07, 7.07736e-08]
Rotation matrix C1MO (O to C1):
1	-7.07736e-08	1.52662e-07
7.07736e-08	1	9.60641e-08
-1.52662e-07	-9.60641e-08	1
XYZ rotation is: [0.0194477, -0.398695, 0.000341671]
Rotation matrix C2MO (O to C2):
0.921568	-0.00789104	-0.388136
0.000314874	0.999808	-0.0195791
0.388216	0.0179213	0.921394
XYZ rotation is: [0.0194479, -0.398695, 0.000341591]
Rotation matrix R:
0.921568	-0.00789101	-0.388136
0.0003148	0.999808	-0.0195792
0.388216	0.0179214	0.921394
