XYZ rotation is: [-9.41605e-08, 1.50146e-07, 3.27743e-08]
Rotation matrix C1MO (O to C1):
1	-3.27743e-08	1.50146e-07
3.27743e-08	1	9.41605e-08
-1.50146e-07	-9.41605e-08	1
XYZ rotation is: [0.0255315, -0.154268, -0.0145013]
Rotation matrix C2MO (O to C2):
0.98802	0.0105738	-0.153961
-0.0143285	0.999626	-0.0232986
0.153657	0.0252256	0.987802
XYZ rotation is: [0.0255316, -0.154268, -0.0145013]
Rotation matrix R:
0.98802	0.0105738	-0.153961
-0.0143286	0.999626	-0.0232987
0.153657	0.0252257	0.987802
