XYZ rotation is: [-1.21989e-08, -2.90964e-08, 5.38389e-09]
Rotation matrix C1MO (O to C1):
1	-5.38389e-09	-2.90964e-08
5.38389e-09	1	1.21989e-08
2.90964e-08	-1.21989e-08	1
XYZ rotation is: [-0.022898, -0.276509, 0.00322073]
Rotation matrix C2MO (O to C2):
0.962009	0.00303067	-0.273
0.00309838	0.999753	0.0220168
0.272999	-0.0220263	0.961762
XYZ rotation is: [-0.022898, -0.276509, 0.00322072]
Rotation matrix R:
0.962009	0.00303067	-0.273
0.00309837	0.999753	0.0220168
0.272999	-0.0220262	0.961762
