XYZ rotation is: [4.92517e-09, -1.07359e-10, 3.20794e-09]
Rotation matrix C1MO (O to C1):
1	-3.20794e-09	-1.07359e-10
3.20794e-09	1	-4.92517e-09
1.07359e-10	4.92517e-09	1
XYZ rotation is: [-0.00604731, -0.257197, -0.00068782]
Rotation matrix C2MO (O to C2):
0.967107	0.00222606	-0.254362
-0.000665195	0.99998	0.00622223
0.25437	-0.00584836	0.967089
XYZ rotation is: [-0.00604732, -0.257197, -0.000687823]
Rotation matrix R:
0.967107	0.00222606	-0.254362
-0.000665199	0.99998	0.00622224
0.25437	-0.00584837	0.967089
