XYZ rotation is: [4.19694e-09, 2.40727e-08, -5.38658e-10]
Rotation matrix C1MO (O to C1):
1	5.38658e-10	2.40727e-08
-5.38658e-10	1	-4.19694e-09
-2.40727e-08	4.19694e-09	1
XYZ rotation is: [-0.0109501, -0.306104, -0.000157444]
Rotation matrix C2MO (O to C2):
0.953515	0.00345714	-0.301327
-0.000150125	0.99994	0.0109973
0.301346	-0.0104409	0.953458
XYZ rotation is: [-0.0109501, -0.306104, -0.000157443]
Rotation matrix R:
0.953515	0.00345715	-0.301327
-0.000150124	0.99994	0.0109973
0.301346	-0.0104409	0.953458
