XYZ rotation is: [2.16715e-08, 1.13879e-08, -2.65414e-09]
Rotation matrix C1MO (O to C1):
1	2.65414e-09	1.13879e-08
-2.65414e-09	1	-2.16715e-08
-1.13879e-08	2.16715e-08	1
XYZ rotation is: [0.0125345, -0.254364, -0.00817549]
Rotation matrix C2MO (O to C2):
0.967791	0.00502089	-0.251704
-0.00791234	0.999914	-0.0104767
0.25163	0.0121309	0.967748
XYZ rotation is: [0.0125345, -0.254364, -0.00817548]
Rotation matrix R:
0.967791	0.00502089	-0.251704
-0.00791234	0.999914	-0.0104767
0.25163	0.0121308	0.967748
