XYZ rotation is: [-5.64629e-08, -1.05324e-07, 1.2888e-08]
Rotation matrix C1MO (O to C1):
1	-1.2888e-08	-1.05324e-07
1.2888e-08	1	5.64629e-08
1.05324e-07	-5.64629e-08	1
XYZ rotation is: [0.434716, 0.618274, 0.10377]
Rotation matrix C2MO (O to C2):
0.810497	0.14885	0.566514
0.0844081	0.927397	-0.364431
-0.579629	0.343189	0.739088
XYZ rotation is: [0.434716, 0.618274, 0.10377]
Rotation matrix R:
0.810497	0.14885	0.566514
0.0844081	0.927397	-0.364432
-0.579629	0.343189	0.739088
