XYZ rotation is: [1.04972e-07, 2.7255e-08, -1.14546e-08]
Rotation matrix C1MO (O to C1):
1	1.14546e-08	2.7255e-08
-1.14546e-08	1	-1.04972e-07
-2.7255e-08	1.04972e-07	1
XYZ rotation is: [-0.013925, 0.207411, 0.00472861]
Rotation matrix C2MO (O to C2):
0.978556	-0.00759554	0.205839
0.00462725	0.999878	0.014898
-0.205928	-0.0136261	0.978472
XYZ rotation is: [-0.0139251, 0.207411, 0.00472863]
Rotation matrix R:
0.978556	-0.00759558	0.205839
0.00462726	0.999878	0.0148981
-0.205928	-0.0136262	0.978472
