XYZ rotation is: [-4.04199e-08, -9.19723e-08, 2.00035e-09]
Rotation matrix C1MO (O to C1):
1	-2.00035e-09	-9.19723e-08
2.00035e-09	1	4.04199e-08
9.19723e-08	-4.04199e-08	1
XYZ rotation is: [-0.0160356, 0.19091, 0.00581698]
Rotation matrix C2MO (O to C2):
0.981815	-0.00885881	0.189632
0.00571126	0.999837	0.0171383
-0.189753	-0.0157436	0.981706
XYZ rotation is: [-0.0160355, 0.190911, 0.00581697]
Rotation matrix R:
0.981815	-0.0088588	0.189632
0.00571126	0.999837	0.0171382
-0.189753	-0.0157435	0.981706
