XYZ rotation is: [-1.26238e-07, 3.45681e-08, 2.08312e-08]
Rotation matrix C1MO (O to C1):
1	-2.08312e-08	3.45681e-08
2.08312e-08	1	1.26238e-07
-3.45681e-08	-1.26238e-07	1
XYZ rotation is: [0.0179144, 0.0719236, 0.00415373]
Rotation matrix C2MO (O to C2):
0.997406	-0.00286578	0.0719238
0.00414298	0.999836	-0.0176148
-0.0718616	0.0178671	0.997255
XYZ rotation is: [0.0179145, 0.0719235, 0.00415371]
Rotation matrix R:
0.997406	-0.00286575	0.0719238
0.00414296	0.999836	-0.0176149
-0.0718615	0.0178672	0.997255
