XYZ rotation is: [7.8984e-08, 1.6576e-07, -2.45564e-08]
Rotation matrix C1MO (O to C1):
1	2.45564e-08	1.6576e-07
-2.45564e-08	1	-7.89841e-08
-1.6576e-07	7.8984e-08	1
XYZ rotation is: [0.00705043, 0.0384045, -0.00145633]
Rotation matrix C2MO (O to C2):
0.999262	0.00172699	0.0383838
-0.00145526	0.999974	-0.00710628
-0.0383951	0.00704517	0.999238
XYZ rotation is: [0.00705035, 0.0384044, -0.00145631]
Rotation matrix R:
0.999262	0.00172696	0.0383837
-0.00145523	0.999974	-0.0071062
-0.0383949	0.00704509	0.999238
