XYZ rotation is: [-8.12909e-09, 3.23607e-08, 1.93797e-08]
Rotation matrix C1MO (O to C1):
1	-1.93797e-08	3.23607e-08
1.93797e-08	1	8.12909e-09
-3.23607e-08	-8.12909e-09	1
XYZ rotation is: [0.0530332, 0.0171635, -0.310284]
Rotation matrix C2MO (O to C2):
0.952107	0.305766	0.000135157
-0.305284	0.95063	-0.05571
-0.0171627	0.0530006	0.998447
XYZ rotation is: [0.0530333, 0.0171635, -0.310284]
Rotation matrix R:
0.952107	0.305766	0.000135123
-0.305284	0.95063	-0.05571
-0.0171627	0.0530006	0.998447
