XYZ rotation is: [-2.46519e-08, -8.23448e-09, 1.50958e-09]
Rotation matrix C1MO (O to C1):
1	-1.50958e-09	-8.23448e-09
1.50958e-09	1	2.46519e-08
8.23448e-09	-2.46519e-08	1
XYZ rotation is: [0.00144373, -0.00996159, -0.000284282]
Rotation matrix C2MO (O to C2):
0.99995	0.0002699	-0.00996183
-0.000284268	0.999999	-0.00144089
0.00996143	0.00144366	0.999949
XYZ rotation is: [0.00144375, -0.00996158, -0.000284283]
Rotation matrix R:
0.99995	0.000269901	-0.00996182
-0.000284269	0.999999	-0.00144092
0.00996142	0.00144368	0.999949
