XYZ rotation is: [-6.33703e-09, -9.98461e-10, 5.12838e-09]
Rotation matrix C1MO (O to C1):
1	-5.12838e-09	-9.98461e-10
5.12838e-09	1	6.33703e-09
9.98461e-10	-6.33703e-09	1
XYZ rotation is: [0.00218487, -0.00345848, -0.00160574]
Rotation matrix C2MO (O to C2):
0.999993	0.00159818	-0.00346196
-0.00160573	0.999996	-0.00217931
0.00345847	0.00218485	0.999992
XYZ rotation is: [0.00218487, -0.00345847, -0.00160575]
Rotation matrix R:
0.999993	0.00159818	-0.00346196
-0.00160574	0.999996	-0.00217931
0.00345847	0.00218486	0.999992
