XYZ rotation is: [7.06184e-08, -2.21603e-07, 8.79047e-08]
Rotation matrix C1MO (O to C1):
1	-8.79047e-08	-2.21603e-07
8.79047e-08	1	-7.06184e-08
2.21603e-07	7.06184e-08	1
XYZ rotation is: [0.039802, 0.301182, 0.0250132]
Rotation matrix C2MO (O to C2):
0.954688	-0.0131904	0.297317
0.0238848	0.999191	-0.0323656
-0.296649	0.0380004	0.95423
XYZ rotation is: [0.0398019, 0.301182, 0.0250131]
Rotation matrix R:
0.954688	-0.0131903	0.297317
0.0238847	0.999191	-0.0323655
-0.296649	0.0380003	0.95423
