XYZ rotation is: [-1.28715e-07, -1.80375e-07, 3.25362e-08]
Rotation matrix C1MO (O to C1):
1	-3.25361e-08	-1.80375e-07
3.25362e-08	1	1.28715e-07
1.80375e-07	-1.28715e-07	1
XYZ rotation is: [0.024818, -0.244801, 0.00349771]
Rotation matrix C2MO (O to C2):
0.97018	-0.00951094	-0.2422
0.00339342	0.999665	-0.0256628
0.242363	0.0240756	0.969887
XYZ rotation is: [0.0248181, -0.244801, 0.00349768]
Rotation matrix R:
0.97018	-0.00951094	-0.2422
0.00339339	0.999665	-0.0256629
0.242363	0.0240757	0.969887
