XYZ rotation is: [9.79937e-09, -4.02918e-08, -3.75729e-09]
Rotation matrix C1MO (O to C1):
1	3.75729e-09	-4.02918e-08
-3.75729e-09	1	-9.79937e-09
4.02918e-08	9.79937e-09	1
XYZ rotation is: [0.0377258, 0.0273247, -0.0117041]
Rotation matrix C2MO (O to C2):
0.999558	0.0127259	0.0268586
-0.0116994	0.999208	-0.0380338
-0.0273213	0.0377027	0.998915
XYZ rotation is: [0.0377258, 0.0273247, -0.0117041]
Rotation matrix R:
0.999558	0.0127259	0.0268586
-0.0116994	0.999208	-0.0380338
-0.0273213	0.0377027	0.998915
