XYZ rotation is: [-6.88051e-08, 2.8651e-08, -5.07508e-09]
Rotation matrix C1MO (O to C1):
1	5.07508e-09	2.8651e-08
-5.07508e-09	1	6.88051e-08
-2.8651e-08	-6.88051e-08	1
XYZ rotation is: [0.14833, 0.0398729, -0.020982]
Rotation matrix C2MO (O to C2):
0.998985	0.0266399	0.0363153
-0.0209638	0.988678	-0.148581
-0.0398624	0.147669	0.988233
XYZ rotation is: [0.14833, 0.0398729, -0.020982]
Rotation matrix R:
0.998985	0.0266399	0.0363153
-0.0209638	0.988678	-0.148581
-0.0398623	0.147669	0.988233
