XYZ rotation is: [-4.13095e-08, 1.82159e-08, -3.79855e-09]
Rotation matrix C1MO (O to C1):
1	3.79855e-09	1.82159e-08
-3.79855e-09	1	4.13095e-08
-1.82159e-08	-4.13095e-08	1
XYZ rotation is: [-0.00216256, 0.0510291, -0.00296191]
Rotation matrix C2MO (O to C2):
0.998694	0.00285159	0.051013
-0.00295805	0.999994	0.00201147
-0.051007	-0.00215974	0.998696
XYZ rotation is: [-0.00216252, 0.0510291, -0.00296191]
Rotation matrix R:
0.998694	0.00285159	0.051013
-0.00295805	0.999994	0.00201143
-0.0510069	-0.0021597	0.998696
