XYZ rotation is: [-8.23159e-08, 4.83085e-08, 4.23099e-09]
Rotation matrix C1MO (O to C1):
1	-4.231e-09	4.83085e-08
4.23099e-09	1	8.23159e-08
-4.83085e-08	-8.23159e-08	1
XYZ rotation is: [0.0049915, 0.00183382, -0.00187062]
Rotation matrix C2MO (O to C2):
0.999997	0.00187975	0.00182446
-0.00187062	0.999986	-0.0049949
-0.00183382	0.00499147	0.999986
XYZ rotation is: [0.00499158, 0.00183377, -0.00187063]
Rotation matrix R:
0.999997	0.00187976	0.00182441
-0.00187062	0.999986	-0.00499498
-0.00183377	0.00499155	0.999986
