XYZ rotation is: [-1.8154e-08, -2.96921e-09, 8.12756e-09]
Rotation matrix C1MO (O to C1):
1	-8.12756e-09	-2.96921e-09
8.12756e-09	1	1.8154e-08
2.96921e-09	-1.8154e-08	1
XYZ rotation is: [-0.0793877, 0.159344, 0.0307779]
Rotation matrix C2MO (O to C2):
0.986864	-0.0432534	0.155655
0.0303832	0.995991	0.0841342
-0.15867	-0.0782997	0.984222
XYZ rotation is: [-0.0793877, 0.159344, 0.0307779]
Rotation matrix R:
0.986864	-0.0432534	0.155655
0.0303832	0.995991	0.0841342
-0.15867	-0.0782997	0.984222
