XYZ rotation is: [2.4814e-09, -9.3484e-09, 1.32637e-10]
Rotation matrix C1MO (O to C1):
1	-1.32637e-10	-9.3484e-09
1.32637e-10	1	-2.4814e-09
9.3484e-09	2.4814e-09	1
XYZ rotation is: [0.0614518, 0.130598, 0.00677111]
Rotation matrix C2MO (O to C2):
0.991461	0.0012392	0.130394
0.0067134	0.998144	-0.0605316
-0.130227	0.0608901	0.989613
XYZ rotation is: [0.0614518, 0.130598, 0.00677111]
Rotation matrix R:
0.991461	0.0012392	0.130394
0.0067134	0.998144	-0.0605316
-0.130227	0.0608901	0.989613
