XYZ rotation is: [9.73325e-09, 2.1404e-08, -2.90943e-09]
Rotation matrix C1MO (O to C1):
1	2.90943e-09	2.1404e-08
-2.90943e-09	1	-9.73325e-09
-2.1404e-08	9.73325e-09	1
XYZ rotation is: [0.00538736, 0.0895538, 0.00130574]
Rotation matrix C2MO (O to C2):
0.995992	-0.000823913	0.0894398
0.00130051	0.999985	-0.00527056
-0.0894342	0.00536575	0.995978
XYZ rotation is: [0.00538736, 0.0895538, 0.00130575]
Rotation matrix R:
0.995992	-0.000823917	0.0894398
0.00130051	0.999985	-0.00527055
-0.0894342	0.00536574	0.995978
