XYZ rotation is: [-5.43126e-08, 6.11425e-08, -1.73188e-08]
Rotation matrix C1MO (O to C1):
1	1.73188e-08	6.11425e-08
-1.73188e-08	1	5.43126e-08
-6.11425e-08	-5.43126e-08	1
XYZ rotation is: [-0.0564783, 0.433581, -0.0259074]
Rotation matrix C2MO (O to C2):
0.907163	0.00215597	0.420775
-0.0235075	0.998685	0.0455636
-0.420123	-0.0512249	0.90602
XYZ rotation is: [-0.0564782, 0.433581, -0.0259074]
Rotation matrix R:
0.907163	0.00215598	0.420775
-0.0235075	0.998685	0.0455635
-0.420123	-0.0512249	0.90602
