XYZ rotation is: [-2.84939e-08, 1.97685e-09, -1.032e-08]
Rotation matrix C1MO (O to C1):
1	1.032e-08	1.97685e-09
-1.032e-08	1	2.84939e-08
-1.97685e-09	-2.84939e-08	1
XYZ rotation is: [-0.0521182, 0.2618, -0.011478]
Rotation matrix C2MO (O to C2):
0.965862	-0.00202003	0.259049
-0.0110867	0.998731	0.0491245
-0.25882	-0.0503195	0.964614
XYZ rotation is: [-0.0521181, 0.2618, -0.011478]
Rotation matrix R:
0.965862	-0.00202003	0.259049
-0.0110867	0.998731	0.0491245
-0.25882	-0.0503194	0.964614
