XYZ rotation is: [1.85293e-07, -3.46928e-07, -6.65351e-08]
Rotation matrix C1MO (O to C1):
1	6.6535e-08	-3.46928e-07
-6.65351e-08	1	-1.85293e-07
3.46928e-07	1.85293e-07	1
XYZ rotation is: [0.0757579, 0.443964, 0.0371783]
Rotation matrix C2MO (O to C2):
0.902432	-0.00457705	0.430808
0.0335664	0.997651	-0.0597137
-0.429522	0.0683482	0.900466
XYZ rotation is: [0.0757577, 0.443964, 0.0371785]
Rotation matrix R:
0.902432	-0.00457719	0.430808
0.0335665	0.997651	-0.0597135
-0.429523	0.068348	0.900466
