XYZ rotation is: [1.2592e-08, -3.87273e-09, -2.13292e-09]
Rotation matrix C1MO (O to C1):
1	2.13292e-09	-3.87273e-09
-2.13292e-09	1	-1.2592e-08
3.87273e-09	1.2592e-08	1
XYZ rotation is: [-0.00235857, 0.00185923, -0.00138881]
Rotation matrix C2MO (O to C2):
0.999997	0.00138442	0.0018625
-0.00138881	0.999996	0.00235598
-0.00185923	-0.00235856	0.999995
XYZ rotation is: [-0.00235858, 0.00185923, -0.00138881]
Rotation matrix R:
0.999997	0.00138442	0.0018625
-0.0013888	0.999996	0.00235599
-0.00185923	-0.00235858	0.999995
