XYZ rotation is: [5.38309e-08, 3.23662e-08, -1.42724e-08]
Rotation matrix C1MO (O to C1):
1	1.42724e-08	3.23662e-08
-1.42724e-08	1	-5.38309e-08
-3.23662e-08	5.38309e-08	1
XYZ rotation is: [0.00114491, 0.00267766, -0.00149832]
Rotation matrix C2MO (O to C2):
0.999995	0.00150139	0.00267594
-0.00149832	0.999998	-0.00114892
-0.00267766	0.0011449	0.999996
XYZ rotation is: [0.00114485, 0.00267763, -0.00149831]
Rotation matrix R:
0.999995	0.00150137	0.0026759
-0.0014983	0.999998	-0.00114886
-0.00267762	0.00114485	0.999996
