XYZ rotation is: [2.16771e-08, -3.03975e-08, 2.6419e-08]
Rotation matrix C1MO (O to C1):
1	-2.6419e-08	-3.03975e-08
2.6419e-08	1	-2.16771e-08
3.03975e-08	2.16771e-08	1
XYZ rotation is: [-0.0220345, 0.0573637, -0.000638215]
Rotation matrix C2MO (O to C2):
0.998355	-0.000625125	0.0573323
-0.000637165	0.999758	0.0219962
-0.0573322	-0.0219965	0.998113
XYZ rotation is: [-0.0220346, 0.0573637, -0.000638242]
Rotation matrix R:
0.998355	-0.0006251	0.0573324
-0.000637192	0.999758	0.0219962
-0.0573322	-0.0219965	0.998113
