XYZ rotation is: [-3.46831e-09, 2.60477e-08, 3.76474e-09]
Rotation matrix C1MO (O to C1):
1	-3.76474e-09	2.60477e-08
3.76474e-09	1	3.46831e-09
-2.60477e-08	-3.46831e-09	1
XYZ rotation is: [-0.00319613, 0.0158011, 0.00550364]
Rotation matrix C2MO (O to C2):
0.99986	-0.00555408	0.0157825
0.00550292	0.999979	0.00328303
-0.0158004	-0.00319572	0.99987
XYZ rotation is: [-0.00319612, 0.015801, 0.00550363]
Rotation matrix R:
0.99986	-0.00555408	0.0157825
0.00550292	0.999979	0.00328303
-0.0158004	-0.00319572	0.99987
