XYZ rotation is: [-4.11203e-09, 5.67694e-08, 1.03492e-08]
Rotation matrix C1MO (O to C1):
1	-1.03492e-08	5.67694e-08
1.03492e-08	1	4.11203e-09
-5.67694e-08	-4.11203e-09	1
XYZ rotation is: [-0.00480628, 0.0027621, 0.00688618]
Rotation matrix C2MO (O to C2):
0.999972	-0.00689932	0.00272891
0.00688609	0.999965	0.00482516
-0.0027621	-0.00480624	0.999985
XYZ rotation is: [-0.00480627, 0.00276205, 0.00688617]
Rotation matrix R:
0.999972	-0.00689931	0.00272885
0.00688608	0.999965	0.00482516
-0.00276204	-0.00480624	0.999985
