XYZ rotation is: [-7.33902e-09, -5.4959e-09, -4.27598e-09]
Rotation matrix C1MO (O to C1):
1	4.27598e-09	-5.4959e-09
-4.27598e-09	1	7.33902e-09
5.4959e-09	-7.33902e-09	1
XYZ rotation is: [-0.0171324, 0.030236, 0.00236753]
Rotation matrix C2MO (O to C2):
0.99954	-0.00288508	0.0301863
0.00236644	0.999849	0.017203
-0.0302313	-0.0171237	0.999396
XYZ rotation is: [-0.0171324, 0.030236, 0.00236753]
Rotation matrix R:
0.99954	-0.00288509	0.0301863
0.00236645	0.999849	0.017203
-0.0302314	-0.0171237	0.999396
