XYZ rotation is: [9.17281e-08, -5.9778e-08, 2.87544e-08]
Rotation matrix C1MO (O to C1):
1	-2.87544e-08	-5.9778e-08
2.87544e-08	1	-9.17281e-08
5.9778e-08	9.17281e-08	1
XYZ rotation is: [2.54102, 0.288548, 3.12893]
Rotation matrix C2MO (O to C2):
-0.958581	-0.150353	0.2419
0.0121348	0.826982	0.562098
-0.28456	0.541752	-0.790905
XYZ rotation is: [2.54102, 0.288548, 3.12893]
Rotation matrix R:
-0.958581	-0.150353	0.2419
0.0121348	0.826981	0.562098
-0.28456	0.541752	-0.790905
