XYZ rotation is: [2.67557e-08, -1.40967e-08, -4.2065e-09]
Rotation matrix C1MO (O to C1):
1	4.2065e-09	-1.40967e-08
-4.2065e-09	1	-2.67557e-08
1.40967e-08	2.67557e-08	1
XYZ rotation is: [-0.00804453, -0.236106, 0.00388013]
Rotation matrix C2MO (O to C2):
0.972249	-0.00199827	-0.23394
0.00377247	0.999967	0.00713678
0.233918	-0.00782126	0.972225
XYZ rotation is: [-0.00804456, -0.236106, 0.00388014]
Rotation matrix R:
0.972249	-0.00199827	-0.23394
0.00377248	0.999967	0.00713681
0.233918	-0.00782129	0.972225
