XYZ rotation is: [-2.50193e-08, 2.40423e-07, -3.38472e-09]
Rotation matrix C1MO (O to C1):
1	3.38472e-09	2.40423e-07
-3.38472e-09	1	2.50193e-08
-2.40423e-07	-2.50193e-08	1
XYZ rotation is: [0.00518101, -1.17249, -0.00989251]
Rotation matrix C2MO (O to C2):
0.387841	0.00511703	-0.921712
-0.00383684	0.999985	0.0039371
0.921718	0.0020095	0.387854
XYZ rotation is: [0.00518103, -1.17249, -0.0098925]
Rotation matrix R:
0.38784	0.00511701	-0.921712
-0.00383684	0.999985	0.00393708
0.921719	0.0020095	0.387854
