XYZ rotation is: [-5.938e-09, -2.27878e-08, 9.0816e-09]
Rotation matrix C1MO (O to C1):
1	-9.0816e-09	-2.27878e-08
9.0816e-09	1	5.938e-09
2.27878e-08	-5.938e-09	1
XYZ rotation is: [3.10434, -0.133392, -3.11363]
Rotation matrix C2MO (O to C2):
-0.990729	-0.0229905	-0.133894
-0.0277135	0.999054	0.0335175
0.132997	0.0369175	-0.990429
XYZ rotation is: [3.10434, -0.133392, -3.11363]
Rotation matrix R:
-0.990729	-0.0229905	-0.133894
-0.0277135	0.999054	0.0335175
0.132997	0.0369175	-0.990429
