XYZ rotation is: [-1.89547e-08, -1.86609e-07, 2.90446e-08]
Rotation matrix C1MO (O to C1):
1	-2.90446e-08	-1.86609e-07
2.90446e-08	1	1.89547e-08
1.86609e-07	-1.89547e-08	1
XYZ rotation is: [-0.0311612, -0.279837, 0.00788914]
Rotation matrix C2MO (O to C2):
0.96107	0.000719822	-0.276302
0.00758217	0.999551	0.0289773
0.276199	-0.0299442	0.960634
XYZ rotation is: [-0.0311612, -0.279837, 0.0078891]
Rotation matrix R:
0.961071	0.000719844	-0.276302
0.00758214	0.999551	0.0289773
0.276199	-0.0299442	0.960634
