XYZ rotation is: [5.03398e-09, -8.80848e-09, 3.29184e-08]
Rotation matrix C1MO (O to C1):
1	-3.29184e-08	-8.80848e-09
3.29184e-08	1	-5.03398e-09
8.80848e-09	5.03398e-09	1
XYZ rotation is: [2.96351, 1.08439, 2.96242]
Rotation matrix C2MO (O to C2):
-0.459971	0.0213118	0.887678
0.083308	0.996338	0.0192474
-0.884017	0.082804	-0.460062
XYZ rotation is: [2.96351, 1.08439, 2.96242]
Rotation matrix R:
-0.459971	0.0213118	0.887678
0.083308	0.996338	0.0192474
-0.884017	0.082804	-0.460062
