XYZ rotation is: [5.96459e-09, -4.91889e-10, -8.68073e-10]
Rotation matrix C1MO (O to C1):
1	8.68073e-10	-4.91889e-10
-8.68073e-10	1	-5.96459e-09
4.91889e-10	5.96459e-09	1
XYZ rotation is: [0.030876, 0.0342051, 0.000796122]
Rotation matrix C2MO (O to C2):
0.999415	0.000259999	0.0342067
0.000795657	0.999524	-0.0308439
-0.0341984	0.030853	0.998939
XYZ rotation is: [0.030876, 0.0342051, 0.000796123]
Rotation matrix R:
0.999415	0.000259998	0.0342067
0.000795657	0.999524	-0.0308439
-0.0341984	0.030853	0.998939
