XYZ rotation is: [-3.65455e-09, 2.83377e-10, -3.51588e-11]
Rotation matrix C1MO (O to C1):
1	3.51588e-11	2.83377e-10
-3.51588e-11	1	3.65455e-09
-2.83377e-10	-3.65455e-09	1
XYZ rotation is: [0.00715201, 0.0269546, 0.000320724]
Rotation matrix C2MO (O to C2):
0.999637	-0.000127962	0.0269529
0.000320608	0.999974	-0.00714331
-0.0269513	0.00714936	0.999611
XYZ rotation is: [0.00715202, 0.0269546, 0.000320724]
Rotation matrix R:
0.999637	-0.000127962	0.0269529
0.000320608	0.999974	-0.00714331
-0.0269513	0.00714936	0.999611
