XYZ rotation is: [2.25443e-08, 3.54217e-09, 1.10095e-09]
Rotation matrix C1MO (O to C1):
1	-1.10095e-09	3.54217e-09
1.10095e-09	1	-2.25443e-08
-3.54217e-09	2.25443e-08	1
XYZ rotation is: [-0.0330308, -0.0142744, 0.00049375]
Rotation matrix C2MO (O to C2):
0.999898	-2.20885e-05	-0.0142824
0.0004937	0.999455	0.0330178
0.0142739	-0.0330215	0.999353
XYZ rotation is: [-0.0330309, -0.0142744, 0.000493749]
Rotation matrix R:
0.999898	-2.2087e-05	-0.0142824
0.000493699	0.999455	0.0330178
0.0142739	-0.0330215	0.999353
