XYZ rotation is: [6.43931e-09, 5.4458e-09, 6.07172e-10]
Rotation matrix C1MO (O to C1):
1	-6.07172e-10	5.4458e-09
6.07172e-10	1	-6.43931e-09
-5.4458e-09	6.43931e-09	1
XYZ rotation is: [-0.00977674, -0.00167172, -0.000940961]
Rotation matrix C2MO (O to C2):
0.999998	0.00095726	-0.00166244
-0.000940959	0.999952	0.00977815
0.00167172	-0.00977657	0.999951
XYZ rotation is: [-0.00977674, -0.00167173, -0.000940961]
Rotation matrix R:
0.999998	0.00095726	-0.00166245
-0.00094096	0.999952	0.00977815
0.00167173	-0.00977657	0.999951
