XYZ rotation is: [7.0987e-09, 6.94716e-09, 4.74356e-10]
Rotation matrix C1MO (O to C1):
1	-4.74356e-10	6.94716e-09
4.74356e-10	1	-7.0987e-09
-6.94716e-09	7.0987e-09	1
XYZ rotation is: [0.0119082, -0.00234693, -0.00100517]
Rotation matrix C2MO (O to C2):
0.999997	0.00097715	-0.00235873
-0.00100517	0.999929	-0.0119055
0.00234693	0.0119079	0.999926
XYZ rotation is: [0.0119082, -0.00234694, -0.00100517]
Rotation matrix R:
0.999997	0.00097715	-0.00235874
-0.00100517	0.999929	-0.0119055
0.00234694	0.0119079	0.999926
