XYZ rotation is: [-1.74314e-08, 1.1395e-09, 2.30314e-09]
Rotation matrix C1MO (O to C1):
1	-2.30314e-09	1.1395e-09
2.30314e-09	1	1.74314e-08
-1.1395e-09	-1.74314e-08	1
XYZ rotation is: [0.00667767, -0.0376825, -0.00147295]
Rotation matrix C2MO (O to C2):
0.999289	0.00122134	-0.0376825
-0.0014719	0.999977	-0.00662212
0.0376735	0.00667288	0.999268
XYZ rotation is: [0.00667768, -0.0376825, -0.00147295]
Rotation matrix R:
0.999289	0.00122135	-0.0376825
-0.0014719	0.999977	-0.00662214
0.0376735	0.00667289	0.999268
