XYZ rotation is: [-9.60451e-08, -4.72533e-08, 5.64285e-09]
Rotation matrix C1MO (O to C1):
1	-5.64285e-09	-4.72533e-08
5.64285e-09	1	9.60451e-08
4.72533e-08	-9.60451e-08	1
XYZ rotation is: [-0.0234748, 0.367727, 0.00722473]
Rotation matrix C2MO (O to C2):
0.933123	-0.0156608	0.359217
0.00674168	0.999637	0.0260685
-0.359495	-0.0219034	0.93289
XYZ rotation is: [-0.0234747, 0.367727, 0.00722472]
Rotation matrix R:
0.933123	-0.0156607	0.359217
0.00674167	0.999637	0.0260684
-0.359495	-0.0219033	0.93289
