XYZ rotation is: [-2.88058e-08, -7.4571e-09, 4.26807e-10]
Rotation matrix C1MO (O to C1):
1	-4.26807e-10	-7.4571e-09
4.26807e-10	1	2.88058e-08
7.4571e-09	-2.88058e-08	1
XYZ rotation is: [-0.00704048, 0.0427153, 0.000199125]
Rotation matrix C2MO (O to C2):
0.999088	-0.000499763	0.0426998
0.000198943	0.999975	0.00704893
-0.0427023	-0.007034	0.999063
XYZ rotation is: [-0.00704045, 0.0427153, 0.000199125]
Rotation matrix R:
0.999088	-0.000499761	0.0426999
0.000198943	0.999975	0.0070489
-0.0427023	-0.00703397	0.999063
