XYZ rotation is: [-1.05801e-08, -1.48117e-08, 9.2505e-10]
Rotation matrix C1MO (O to C1):
1	-9.2505e-10	-1.48117e-08
9.2505e-10	1	1.05801e-08
1.48117e-08	-1.05801e-08	1
XYZ rotation is: [0.00958992, -0.107468, 0.00182524]
Rotation matrix C2MO (O to C2):
0.994229	-0.00285377	-0.107239
0.00181471	0.99995	-0.00978553
0.107262	0.00953445	0.994185
XYZ rotation is: [0.00958993, -0.107468, 0.00182524]
Rotation matrix R:
0.994229	-0.00285377	-0.107239
0.00181471	0.99995	-0.00978554
0.107262	0.00953446	0.994185
