XYZ rotation is: [-1.59131e-07, -4.42226e-07, 3.73745e-08]
Rotation matrix C1MO (O to C1):
1	-3.73745e-08	-4.42226e-07
3.73745e-08	1	1.59131e-07
4.42226e-07	-1.59131e-07	1
XYZ rotation is: [0.141179, -0.652171, -0.0444655]
Rotation matrix C2MO (O to C2):
0.793982	-0.041306	-0.606536
-0.0353281	0.992868	-0.113862
0.606914	0.111832	0.786861
XYZ rotation is: [0.141179, -0.652171, -0.0444655]
Rotation matrix R:
0.793983	-0.041306	-0.606536
-0.0353281	0.992868	-0.113862
0.606913	0.111832	0.786861
