XYZ rotation is: [-3.86835e-09, 2.91272e-08, -4.04692e-10]
Rotation matrix C1MO (O to C1):
1	4.04692e-10	2.91272e-08
-4.04692e-10	1	3.86835e-09
-2.91272e-08	-3.86835e-09	1
XYZ rotation is: [3.07153, 0.327155, 3.09117]
Rotation matrix C2MO (O to C2):
-0.945757	0.0278043	0.323682
0.0477239	0.997413	0.0537651
-0.32135	0.0662961	-0.944637
XYZ rotation is: [3.07153, 0.327155, 3.09117]
Rotation matrix R:
-0.945757	0.0278043	0.323682
0.0477239	0.997413	0.0537651
-0.32135	0.0662961	-0.944637
