XYZ rotation is: [3.94736e-09, 2.00398e-08, 5.60668e-10]
Rotation matrix C1MO (O to C1):
1	-5.60668e-10	2.00398e-08
5.60668e-10	1	-3.94736e-09
-2.00398e-08	3.94736e-09	1
XYZ rotation is: [0.0368708, -0.218557, 0.000707581]
Rotation matrix C2MO (O to C2):
0.976211	-0.00869966	-0.216648
0.000690749	0.999314	-0.0370158
0.216821	0.0359856	0.975548
XYZ rotation is: [0.0368708, -0.218557, 0.00070758]
Rotation matrix R:
0.976211	-0.00869966	-0.216648
0.000690747	0.999314	-0.0370158
0.216821	0.0359856	0.975548
