XYZ rotation is: [1.33448e-07, 3.62447e-07, 9.50842e-08]
Rotation matrix C1MO (O to C1):
1	-9.50842e-08	3.62447e-07
9.50842e-08	1	-1.33448e-07
-3.62447e-07	1.33448e-07	1
XYZ rotation is: [0.049832, 1.26465, 0.0303454]
Rotation matrix C2MO (O to C2):
0.301248	0.0171704	0.953391
0.00914428	0.99974	-0.0208944
-0.953502	0.0150125	0.301012
XYZ rotation is: [0.0498315, 1.26465, 0.030345]
Rotation matrix R:
0.301248	0.0171703	0.953391
0.00914418	0.99974	-0.0208943
-0.953502	0.0150123	0.301013
