XYZ rotation is: [-1.96683e-08, -2.89291e-08, -1.21146e-09]
Rotation matrix C1MO (O to C1):
1	1.21146e-09	-2.89291e-08
-1.21146e-09	1	1.96683e-08
2.89291e-08	-1.96683e-08	1
XYZ rotation is: [-0.0169639, 0.290622, -0.00172153]
Rotation matrix C2MO (O to C2):
0.958065	-0.00313945	0.286535
-0.00164934	0.999863	0.0164699
-0.286548	-0.0162518	0.957928
XYZ rotation is: [-0.0169639, 0.290622, -0.00172153]
Rotation matrix R:
0.958065	-0.00313945	0.286535
-0.00164934	0.999863	0.0164698
-0.286548	-0.0162518	0.957928
