XYZ rotation is: [1.3636e-08, -2.96603e-08, -4.61652e-09]
Rotation matrix C1MO (O to C1):
1	4.61652e-09	-2.96603e-08
-4.61652e-09	1	-1.3636e-08
2.96603e-08	1.3636e-08	1
XYZ rotation is: [0.801112, 1.50948, 0.76641]
Rotation matrix C2MO (O to C2):
0.0441461	0.0337228	0.998456
0.0425007	0.998462	-0.0356022
-0.998121	0.0440067	0.042645
XYZ rotation is: [0.801112, 1.50948, 0.76641]
Rotation matrix R:
0.0441461	0.0337228	0.998456
0.0425007	0.998462	-0.0356021
-0.998121	0.0440067	0.042645
