XYZ rotation is: [-8.47678e-09, -1.68032e-08, 9.97873e-09]
Rotation matrix C1MO (O to C1):
1	-9.97873e-09	-1.68032e-08
9.97873e-09	1	8.47678e-09
1.68032e-08	-8.47678e-09	1
XYZ rotation is: [-0.0273432, 0.130833, 0.0104711]
Rotation matrix C2MO (O to C2):
0.991399	-0.0140336	0.130118
0.0103815	0.999534	0.0287039
-0.13046	-0.0271062	0.991083
XYZ rotation is: [-0.0273432, 0.130833, 0.0104711]
Rotation matrix R:
0.991399	-0.0140336	0.130118
0.0103814	0.999534	0.0287038
-0.13046	-0.0271062	0.991083
