XYZ rotation is: [-7.7222e-09, 5.5392e-08, 8.08706e-09]
Rotation matrix C1MO (O to C1):
1	-8.08706e-09	5.5392e-08
8.08706e-09	1	7.7222e-09
-5.5392e-08	-7.7222e-09	1
XYZ rotation is: [-0.0113455, -0.530601, -0.0023648]
Rotation matrix C2MO (O to C2):
0.8625	0.00810591	-0.505991
-0.00203965	0.999919	0.0125418
0.506052	-0.00978529	0.862447
XYZ rotation is: [-0.0113455, -0.530601, -0.00236481]
Rotation matrix R:
0.8625	0.00810591	-0.505991
-0.00203965	0.999919	0.0125418
0.506052	-0.00978528	0.862447
