XYZ rotation is: [-2.88313e-08, 6.1057e-08, 2.62029e-09]
Rotation matrix C1MO (O to C1):
1	-2.62029e-09	6.1057e-08
2.62029e-09	1	2.88313e-08
-6.1057e-08	-2.88313e-08	1
XYZ rotation is: [-0.0256413, -0.493264, 0.014057]
Rotation matrix C2MO (O to C2):
0.880705	-0.00191319	-0.473661
0.0123809	0.999743	0.0189824
0.473503	-0.0225822	0.880502
XYZ rotation is: [-0.0256413, -0.493264, 0.014057]
Rotation matrix R:
0.880705	-0.0019132	-0.473661
0.0123809	0.999743	0.0189823
0.473503	-0.0225822	0.880502
