XYZ rotation is: [-3.67732e-08, 7.89729e-08, -2.25463e-08]
Rotation matrix C1MO (O to C1):
1	2.25463e-08	7.89729e-08
-2.25463e-08	1	3.67732e-08
-7.89729e-08	-3.67732e-08	1
XYZ rotation is: [-0.0229503, -0.332924, -0.0490943]
Rotation matrix C2MO (O to C2):
0.943952	0.0565523	-0.325202
-0.0463799	0.998164	0.0389544
0.326808	-0.0216882	0.944842
XYZ rotation is: [-0.0229503, -0.332924, -0.0490943]
Rotation matrix R:
0.943952	0.0565523	-0.325202
-0.0463799	0.998164	0.0389544
0.326808	-0.0216882	0.944842
