XYZ rotation is: [-7.17869e-09, 1.11893e-08, -9.63474e-10]
Rotation matrix C1MO (O to C1):
1	9.63474e-10	1.11893e-08
-9.63474e-10	1	7.17869e-09
-1.11893e-08	-7.17869e-09	1
XYZ rotation is: [3.01189, 1.22031, 2.983]
Rotation matrix C2MO (O to C2):
-0.339043	0.036645	0.940057
0.0542246	0.998341	-0.0193602
-0.939207	0.0444103	-0.340467
XYZ rotation is: [3.01189, 1.22031, 2.983]
Rotation matrix R:
-0.339043	0.036645	0.940057
0.0542246	0.998341	-0.0193602
-0.939207	0.0444103	-0.340467
