XYZ rotation is: [3.80949e-08, 3.91103e-08, 4.07947e-08]
Rotation matrix C1MO (O to C1):
1	-4.07947e-08	3.91103e-08
4.07947e-08	1	-3.80949e-08
-3.91103e-08	3.80949e-08	1
XYZ rotation is: [-0.00876083, 0.285079, -0.00459517]
Rotation matrix C2MO (O to C2):
0.959629	0.0021312	0.28126
-0.00440969	0.999962	0.00746837
-0.281233	-0.00840713	0.959603
XYZ rotation is: [-0.00876088, 0.285079, -0.00459521]
Rotation matrix R:
0.959629	0.00213123	0.28126
-0.00440973	0.999962	0.0074684
-0.281233	-0.00840718	0.959603
