XYZ rotation is: [1.97595e-07, 7.29073e-08, 3.52798e-08]
Rotation matrix C1MO (O to C1):
1	-3.52798e-08	7.29073e-08
3.52798e-08	1	-1.97595e-07
-7.29073e-08	1.97595e-07	1
XYZ rotation is: [0.201692, 0.476455, 0.0622448]
Rotation matrix C2MO (O to C2):
0.886905	0.030755	0.460926
0.0552766	0.983547	-0.171989
-0.458632	0.178016	0.870613
XYZ rotation is: [0.201692, 0.476455, 0.0622447]
Rotation matrix R:
0.886905	0.0307549	0.460926
0.0552766	0.983547	-0.171988
-0.458632	0.178016	0.870613
