XYZ rotation is: [3.68107e-09, -2.51878e-07, 1.5164e-08]
Rotation matrix C1MO (O to C1):
1	-1.5164e-08	-2.51878e-07
1.5164e-08	1	-3.68107e-09
2.51878e-07	3.68107e-09	1
XYZ rotation is: [0.0860046, -0.0568328, 0.0232141]
Rotation matrix C2MO (O to C2):
0.998116	-0.0280041	-0.0545831
0.0231745	0.995922	-0.0871891
0.0568022	0.08576	0.994695
XYZ rotation is: [0.0860046, -0.0568325, 0.0232141]
Rotation matrix R:
0.998116	-0.0280041	-0.0545828
0.0231745	0.995922	-0.0871891
0.0568019	0.0857599	0.994695
