XYZ rotation is: [2.63991e-09, -1.21939e-09, 3.60328e-09]
Rotation matrix C1MO (O to C1):
1	-3.60328e-09	-1.21939e-09
3.60328e-09	1	-2.63991e-09
1.21939e-09	2.63991e-09	1
XYZ rotation is: [0.0113341, -0.242541, 0.0129025]
Rotation matrix C2MO (O to C2):
0.97065	-0.0156232	-0.239989
0.0125245	0.999817	-0.0144314
0.24017	0.0110021	0.970668
XYZ rotation is: [0.0113341, -0.242541, 0.0129025]
Rotation matrix R:
0.97065	-0.0156232	-0.239989
0.0125245	0.999817	-0.0144314
0.24017	0.0110021	0.970668
