XYZ rotation is: [6.53701e-09, 3.73373e-08, -2.33283e-09]
Rotation matrix C1MO (O to C1):
1	2.33283e-09	3.73373e-08
-2.33283e-09	1	-6.53701e-09
-3.73373e-08	6.53701e-09	1
XYZ rotation is: [0.0181186, 0.28719, 0.00782313]
Rotation matrix C2MO (O to C2):
0.959014	-0.00268998	0.283345
0.00750265	0.999845	-0.0159014
-0.283258	0.0173756	0.958886
XYZ rotation is: [0.0181186, 0.28719, 0.00782314]
Rotation matrix R:
0.959014	-0.00268998	0.283345
0.00750265	0.999845	-0.0159014
-0.283258	0.0173755	0.958886
