XYZ rotation is: [3.15696e-08, 2.54975e-08, -3.31856e-09]
Rotation matrix C1MO (O to C1):
1	3.31857e-09	2.54975e-08
-3.31856e-09	1	-3.15696e-08
-2.54975e-08	3.15696e-08	1
XYZ rotation is: [-0.00100516, 0.207518, -0.00345944]
Rotation matrix C2MO (O to C2):
0.978539	0.00325234	0.206034
-0.00338522	0.999994	0.000292397
-0.206032	-0.000983591	0.978545
XYZ rotation is: [-0.00100519, 0.207518, -0.00345944]
Rotation matrix R:
0.978539	0.00325233	0.206034
-0.00338521	0.999994	0.000292429
-0.206032	-0.000983621	0.978545
