XYZ rotation is: [5.7279e-09, 5.15729e-09, -5.98247e-09]
Rotation matrix C1MO (O to C1):
1	5.98247e-09	5.15729e-09
-5.98247e-09	1	-5.7279e-09
-5.15729e-09	5.7279e-09	1
XYZ rotation is: [0.0527371, 0.50653, 0.0182835]
Rotation matrix C2MO (O to C2):
0.874287	0.00731199	0.485354
0.0159868	0.99891	-0.0438465
-0.485146	0.0460937	0.873217
XYZ rotation is: [0.0527371, 0.50653, 0.0182835]
Rotation matrix R:
0.874287	0.00731198	0.485354
0.0159868	0.99891	-0.0438465
-0.485146	0.0460937	0.873217
