XYZ rotation is: [1.03415e-08, 1.43697e-08, -9.08785e-09]
Rotation matrix C1MO (O to C1):
1	9.08785e-09	1.43697e-08
-9.08785e-09	1	-1.03415e-08
-1.43697e-08	1.03415e-08	1
XYZ rotation is: [0.0111477, 0.113136, 0.0171775]
Rotation matrix C2MO (O to C2):
0.99346	-0.0159173	0.113062
0.0170669	0.999812	-0.00920676
-0.112895	0.0110762	0.993545
XYZ rotation is: [0.0111477, 0.113136, 0.0171775]
Rotation matrix R:
0.99346	-0.0159173	0.113062
0.0170669	0.999812	-0.00920675
-0.112895	0.0110762	0.993545
