XYZ rotation is: [4.55869e-09, 2.25611e-08, -9.69233e-09]
Rotation matrix C1MO (O to C1):
1	9.69233e-09	2.25611e-08
-9.69233e-09	1	-4.55869e-09
-2.25611e-08	4.55869e-09	1
XYZ rotation is: [0.0352792, 0.152364, 0.00821716]
Rotation matrix C2MO (O to C2):
0.988382	-0.00285875	0.151965
0.00812187	0.999388	-0.0340243
-0.151775	0.0348633	0.9878
XYZ rotation is: [0.0352792, 0.152364, 0.00821717]
Rotation matrix R:
0.988382	-0.00285876	0.151965
0.00812188	0.999388	-0.0340243
-0.151775	0.0348633	0.9878
