XYZ rotation is: [1.77182e-08, 1.51305e-08, -1.30671e-08]
Rotation matrix C1MO (O to C1):
1	1.30671e-08	1.51305e-08
-1.30671e-08	1	-1.77182e-08
-1.51305e-08	1.77182e-08	1
XYZ rotation is: [0.0228461, 0.14042, 0.00328249]
Rotation matrix C2MO (O to C2):
0.990152	-8.43925e-05	0.139997
0.00325017	0.999744	-0.0223847
-0.139959	0.0226193	0.989899
XYZ rotation is: [0.0228461, 0.14042, 0.0032825]
Rotation matrix R:
0.990152	-8.44079e-05	0.139997
0.00325018	0.999744	-0.0223847
-0.139959	0.0226193	0.989899
