XYZ rotation is: [-1.99949e-08, -1.83517e-08, -9.45391e-09]
Rotation matrix C1MO (O to C1):
1	9.45391e-09	-1.83517e-08
-9.45391e-09	1	1.99949e-08
1.83517e-08	-1.99949e-08	1
XYZ rotation is: [0.0628475, -0.236593, 0.00422601]
Rotation matrix C2MO (O to C2):
0.972134	-0.0189388	-0.233661
0.00410827	0.997955	-0.0637942
0.234392	0.0610565	0.970223
XYZ rotation is: [0.0628475, -0.236593, 0.00422602]
Rotation matrix R:
0.972134	-0.0189388	-0.233661
0.00410828	0.997955	-0.0637942
0.234392	0.0610565	0.970223
