XYZ rotation is: [-1.03144e-08, -4.83265e-09, -3.13386e-09]
Rotation matrix C1MO (O to C1):
1	3.13386e-09	-4.83265e-09
-3.13386e-09	1	1.03144e-08
4.83265e-09	-1.03144e-08	1
XYZ rotation is: [0.0321549, 0.0713323, 0.016756]
Rotation matrix C2MO (O to C2):
0.997317	-0.0144555	0.0717636
0.0167126	0.999381	-0.0309513
-0.0712718	0.0320676	0.996941
XYZ rotation is: [0.0321549, 0.0713323, 0.016756]
Rotation matrix R:
0.997317	-0.0144555	0.0717636
0.0167126	0.999381	-0.0309513
-0.0712718	0.0320676	0.996941
