XYZ rotation is: [-7.34748e-09, 8.58972e-09, -2.44929e-09]
Rotation matrix C1MO (O to C1):
1	2.44929e-09	8.58972e-09
-2.44929e-09	1	7.34748e-09
-8.58972e-09	-7.34748e-09	1
XYZ rotation is: [-0.00383081, 0.120007, 0.000485308]
Rotation matrix C2MO (O to C2):
0.992808	-0.000943924	0.119716
0.000481818	0.999992	0.0038889
-0.119719	-0.00380325	0.992801
XYZ rotation is: [-0.0038308, 0.120007, 0.000485311]
Rotation matrix R:
0.992808	-0.000943925	0.119716
0.00048182	0.999992	0.00388889
-0.119719	-0.00380324	0.992801
