XYZ rotation is: [-6.82014e-09, 2.11469e-08, -9.25922e-10]
Rotation matrix C1MO (O to C1):
1	9.25922e-10	2.11469e-08
-9.25922e-10	1	6.82014e-09
-2.11469e-08	-6.82014e-09	1
XYZ rotation is: [-0.0129722, 0.0610937, -0.00253975]
Rotation matrix C2MO (O to C2):
0.998131	0.00174754	0.0610833
-0.00253501	0.999915	0.0128167
-0.0610557	-0.0129476	0.99805
XYZ rotation is: [-0.0129722, 0.0610936, -0.00253975]
Rotation matrix R:
0.998131	0.00174754	0.0610832
-0.00253501	0.999915	0.0128167
-0.0610556	-0.0129476	0.99805
