XYZ rotation is: [1.23891e-08, 7.95666e-09, 1.28676e-09]
Rotation matrix C1MO (O to C1):
1	-1.28676e-09	7.95666e-09
1.28676e-09	1	-1.23891e-08
-7.95666e-09	1.23891e-08	1
XYZ rotation is: [-0.00270708, 0.20768, -0.000301578]
Rotation matrix C2MO (O to C2):
0.978512	-0.000256596	0.20619
-0.000295097	0.999996	0.0026449
-0.20619	-0.00264891	0.978508
XYZ rotation is: [-0.00270709, 0.20768, -0.000301579]
Rotation matrix R:
0.978512	-0.000256597	0.20619
-0.000295098	0.999996	0.00264491
-0.20619	-0.00264892	0.978508
