XYZ rotation is: [-5.63723e-08, -1.25185e-07, -1.81106e-08]
Rotation matrix C1MO (O to C1):
1	1.81106e-08	-1.25185e-07
-1.81106e-08	1	5.63723e-08
1.25185e-07	-5.63723e-08	1
XYZ rotation is: [-0.00208163, 0.0019063, -0.000405424]
Rotation matrix C2MO (O to C2):
0.999998	0.000401455	0.00190714
-0.000405423	0.999998	0.00208086
-0.0019063	-0.00208162	0.999996
XYZ rotation is: [-0.00208157, 0.00190643, -0.000405406]
Rotation matrix R:
0.999998	0.000401437	0.00190727
-0.000405405	0.999998	0.0020808
-0.00190643	-0.00208157	0.999996
