XYZ rotation is: [-3.10015e-08, 2.33906e-08, -3.56462e-09]
Rotation matrix C1MO (O to C1):
1	3.56462e-09	2.33906e-08
-3.56462e-09	1	3.10015e-08
-2.33906e-08	-3.10015e-08	1
XYZ rotation is: [-0.00125164, 0.233667, 0.00291568]
Rotation matrix C2MO (O to C2):
0.97282	-0.00320548	0.231541
0.00283644	0.999994	0.00192675
-0.231546	-0.00121763	0.972823
XYZ rotation is: [-0.00125161, 0.233667, 0.00291568]
Rotation matrix R:
0.97282	-0.00320548	0.231541
0.00283644	0.999994	0.00192672
-0.231546	-0.0012176	0.972823
