XYZ rotation is: [1.81571e-08, -1.6216e-08, -3.82147e-09]
Rotation matrix C1MO (O to C1):
1	3.82147e-09	-1.6216e-08
-3.82147e-09	1	-1.81571e-08
1.6216e-08	1.81571e-08	1
XYZ rotation is: [0.010366, 0.0851737, -0.00228942]
Rotation matrix C2MO (O to C2):
0.996372	0.00317112	0.0850422
-0.00228112	0.999942	-0.0105606
-0.0850707	0.0103283	0.996321
XYZ rotation is: [0.010366, 0.0851737, -0.00228942]
Rotation matrix R:
0.996372	0.00317112	0.0850422
-0.00228111	0.999942	-0.0105605
-0.0850707	0.0103282	0.996321
