image: map/420.000000/merged_map.png
resolution: 0.050000
origin: [-17.725000, -17.825000, 0.000000]
negate: 0
occupied_thresh: 0.65
free_thresh: 0.196

