XYZ rotation is: [1.83628e-09, -6.14368e-09, 6.42958e-09]
Rotation matrix C1MO (O to C1):
1	-6.42958e-09	-6.14368e-09
6.42958e-09	1	-1.83628e-09
6.14368e-09	1.83628e-09	1
XYZ rotation is: [-0.0636178, -0.0983485, -0.000105761]
Rotation matrix C2MO (O to C2):
0.995168	0.00634797	-0.0979847
-0.00010525	0.997976	0.0635853
0.09819	-0.0632677	0.993155
XYZ rotation is: [-0.0636179, -0.0983485, -0.000105768]
Rotation matrix R:
0.995168	0.00634798	-0.0979847
-0.000105257	0.997976	0.0635853
0.09819	-0.0632677	0.993155
