XYZ rotation is: [3.08114e-10, 6.37322e-09, -3.23762e-09]
Rotation matrix C1MO (O to C1):
1	3.23762e-09	6.37322e-09
-3.23762e-09	1	-3.08114e-10
-6.37322e-09	3.08114e-10	1
XYZ rotation is: [-0.000883093, 0.048792, -0.000760326]
Rotation matrix C2MO (O to C2):
0.99881	0.000717255	0.0487733
-0.000759421	0.999999	0.00084601
-0.0487726	-0.000882042	0.99881
XYZ rotation is: [-0.000883094, 0.048792, -0.000760322]
Rotation matrix R:
0.99881	0.000717251	0.0487732
-0.000759418	0.999999	0.00084601
-0.0487726	-0.000882042	0.99881
