XYZ rotation is: [-6.37044e-08, 4.23956e-08, 9.43624e-09]
Rotation matrix C1MO (O to C1):
1	-9.43624e-09	4.23956e-08
9.43624e-09	1	6.37044e-08
-4.23956e-08	-6.37044e-08	1
XYZ rotation is: [-0.0408928, 0.0301953, 0.00350748]
Rotation matrix C2MO (O to C2):
0.999538	-0.00473878	0.0300219
0.00350588	0.999154	0.0409869
-0.0301907	-0.0408628	0.998709
XYZ rotation is: [-0.0408927, 0.0301953, 0.00350748]
Rotation matrix R:
0.999538	-0.00473876	0.0300219
0.00350587	0.999154	0.0409869
-0.0301907	-0.0408627	0.998709
