XYZ rotation is: [3.88573e-07, -3.74605e-08, -9.48852e-07]
Rotation matrix C1MO (O to C1):
1	9.48852e-07	-3.74609e-08
-9.48852e-07	1	-3.88573e-07
3.74605e-08	3.88573e-07	1
XYZ rotation is: [0.0149329, 0.561619, -0.0940913]
Rotation matrix C2MO (O to C2):
0.84265	0.101859	0.52874
-0.0795208	0.994719	-0.0648958
-0.532558	0.0126386	0.846299
XYZ rotation is: [0.0149331, 0.561619, -0.0940902]
Rotation matrix R:
0.84265	0.101858	0.52874
-0.0795199	0.994719	-0.0648955
-0.532558	0.0126388	0.846299
