XYZ rotation is: [2.74655e-08, 9.78798e-09, -4.9342e-09]
Rotation matrix C1MO (O to C1):
1	4.9342e-09	9.78798e-09
-4.9342e-09	1	-2.74655e-08
-9.78798e-09	2.74655e-08	1
XYZ rotation is: [0.0211003, -0.0584561, -0.00477914]
Rotation matrix C2MO (O to C2):
0.998281	0.00354542	-0.05851
-0.00477096	0.999772	-0.0208194
0.0584228	0.0210627	0.99807
XYZ rotation is: [0.0211003, -0.0584561, -0.00477914]
Rotation matrix R:
0.998281	0.00354542	-0.05851
-0.00477096	0.999772	-0.0208194
0.0584228	0.0210627	0.99807
