XYZ rotation is: [4.65545e-08, -1.3117e-07, -1.15662e-08]
Rotation matrix C1MO (O to C1):
1	1.15662e-08	-1.3117e-07
-1.15662e-08	1	-4.65545e-08
1.3117e-07	4.65545e-08	1
XYZ rotation is: [0.0041689, -0.191866, -0.00134181]
Rotation matrix C2MO (O to C2):
0.981649	0.000546832	-0.190695
-0.00131719	0.999991	-0.00391302
0.190691	0.00409239	0.981642
XYZ rotation is: [0.00416885, -0.191866, -0.0013418]
Rotation matrix R:
0.981649	0.000546829	-0.190694
-0.00131718	0.999991	-0.00391297
0.190691	0.00409234	0.981642
