XYZ rotation is: [-3.02307e-08, -8.31163e-08, 9.03729e-09]
Rotation matrix C1MO (O to C1):
1	-9.03729e-09	-8.31163e-08
9.03729e-09	1	3.02307e-08
8.31163e-08	-3.02307e-08	1
XYZ rotation is: [-0.0910623, 0.175156, 0.0298513]
Rotation matrix C2MO (O to C2):
0.984261	-0.0455629	0.170748
0.0293902	0.99494	0.0960756
-0.174262	-0.0895451	0.980619
XYZ rotation is: [-0.0910623, 0.175156, 0.0298513]
Rotation matrix R:
0.984261	-0.0455629	0.170749
0.0293902	0.99494	0.0960756
-0.174262	-0.0895451	0.980619
