XYZ rotation is: [-3.41763e-08, -4.28806e-08, 8.3589e-09]
Rotation matrix C1MO (O to C1):
1	-8.3589e-09	-4.28806e-08
8.3589e-09	1	3.41763e-08
4.28806e-08	-3.41763e-08	1
XYZ rotation is: [0.0390576, -0.184453, -0.00762509]
Rotation matrix C2MO (O to C2):
0.983008	0.000457729	-0.183561
-0.00749567	0.999263	-0.0376491
0.183408	0.0383853	0.982287
XYZ rotation is: [0.0390577, -0.184452, -0.00762509]
Rotation matrix R:
0.983008	0.000457731	-0.183561
-0.00749567	0.999263	-0.0376492
0.183408	0.0383854	0.982287
