XYZ rotation is: [-4.35363e-08, 3.79914e-08, 2.02567e-08]
Rotation matrix C1MO (O to C1):
1	-2.02567e-08	3.79914e-08
2.02567e-08	1	4.35363e-08
-3.79914e-08	-4.35363e-08	1
XYZ rotation is: [0.0182431, -0.247948, -0.002517]
Rotation matrix C2MO (O to C2):
0.969415	-0.0019603	-0.24542
-0.00244002	0.999842	-0.0176244
0.245415	0.0176842	0.969257
XYZ rotation is: [0.0182431, -0.247948, -0.00251702]
Rotation matrix R:
0.969415	-0.00196029	-0.24542
-0.00244004	0.999842	-0.0176245
0.245415	0.0176843	0.969257
