XYZ rotation is: [-2.04479e-11, -2.01909e-10, 1.53024e-10]
Rotation matrix C1MO (O to C1):
1	-1.53024e-10	-2.01909e-10
1.53024e-10	1	2.04479e-11
2.01909e-10	-2.04479e-11	1
XYZ rotation is: [-0.000236224, -0.0155765, -0.000284505]
Rotation matrix C2MO (O to C2):
0.999879	0.000288184	-0.0155758
-0.00028447	1	0.000240655
0.0155759	-0.000236195	0.999879
XYZ rotation is: [-0.000236224, -0.0155765, -0.000284505]
Rotation matrix R:
0.999879	0.000288184	-0.0155758
-0.000284471	1	0.000240655
0.0155759	-0.000236195	0.999879
