XYZ rotation is: [5.61099e-09, -6.23527e-09, -7.31944e-09]
Rotation matrix C1MO (O to C1):
1	7.31944e-09	-6.23527e-09
-7.31944e-09	1	-5.61099e-09
6.23527e-09	5.61099e-09	1
XYZ rotation is: [0.00471852, -0.112678, -0.00266038]
Rotation matrix C2MO (O to C2):
0.993655	0.00212981	-0.11245
-0.00264351	0.999987	-0.00441936
0.112439	0.00468858	0.993648
XYZ rotation is: [0.00471852, -0.112678, -0.00266038]
Rotation matrix R:
0.993655	0.0021298	-0.11245
-0.0026435	0.999987	-0.00441936
0.112439	0.00468858	0.993648
