XYZ rotation is: [-1.26358e-08, -6.02215e-08, -2.65618e-09]
Rotation matrix C1MO (O to C1):
1	2.65618e-09	-6.02215e-08
-2.65618e-09	1	1.26358e-08
6.02215e-08	-1.26358e-08	1
XYZ rotation is: [0.00804711, 0.0884521, -0.00371145]
Rotation matrix C2MO (O to C2):
0.996084	0.00442216	0.0883035
-0.00369693	0.999958	-0.00837482
-0.0883368	0.00801557	0.996058
XYZ rotation is: [0.00804713, 0.0884521, -0.00371145]
Rotation matrix R:
0.996084	0.00442216	0.0883035
-0.00369693	0.999958	-0.00837483
-0.0883368	0.00801558	0.996058
