XYZ rotation is: [-1.57056e-10, -4.61747e-09, -4.8365e-09]
Rotation matrix C1MO (O to C1):
1	4.8365e-09	-4.61747e-09
-4.8365e-09	1	1.57056e-10
4.61747e-09	-1.57056e-10	1
XYZ rotation is: [-0.00490962, -0.238231, -0.00527375]
Rotation matrix C2MO (O to C2):
0.971743	0.00643224	-0.235952
-0.00512478	0.999968	0.00615403
0.235984	-0.00477094	0.971745
XYZ rotation is: [-0.00490962, -0.238231, -0.00527375]
Rotation matrix R:
0.971743	0.00643223	-0.235952
-0.00512478	0.999968	0.00615403
0.235984	-0.00477094	0.971745
