XYZ rotation is: [3.88465e-08, -1.6703e-08, -1.35798e-08]
Rotation matrix C1MO (O to C1):
1	1.35798e-08	-1.6703e-08
-1.35798e-08	1	-3.88465e-08
1.6703e-08	3.88465e-08	1
XYZ rotation is: [0.00516017, -0.0459933, -0.00371131]
Rotation matrix C2MO (O to C2):
0.998936	0.00347401	-0.0459953
-0.00370738	0.999981	-0.00498948
0.045977	0.00515469	0.998929
XYZ rotation is: [0.00516013, -0.0459932, -0.0037113]
Rotation matrix R:
0.998936	0.00347399	-0.0459952
-0.00370736	0.999981	-0.00498944
0.045977	0.00515465	0.998929
