XYZ rotation is: [-8.02545e-09, -1.27279e-08, 1.45252e-09]
Rotation matrix C1MO (O to C1):
1	-1.45252e-09	-1.27279e-08
1.45252e-09	1	8.02545e-09
1.27279e-08	-8.02545e-09	1
XYZ rotation is: [0.0159783, 0.00398493, -0.0030383]
Rotation matrix C2MO (O to C2):
0.999987	0.00310158	0.00393584
-0.00303827	0.999868	-0.0159896
-0.00398491	0.0159775	0.999864
XYZ rotation is: [0.0159783, 0.00398494, -0.0030383]
Rotation matrix R:
0.999987	0.00310158	0.00393586
-0.00303827	0.999868	-0.0159897
-0.00398493	0.0159775	0.999864
