XYZ rotation is: [-1.89972e-08, -5.87317e-08, 2.02193e-08]
Rotation matrix C1MO (O to C1):
1	-2.02193e-08	-5.87317e-08
2.02193e-08	1	1.89972e-08
5.87317e-08	-1.89972e-08	1
XYZ rotation is: [-0.0100314, -0.295788, -0.0100577]
Rotation matrix C2MO (O to C2):
0.956524	0.0129809	-0.291363
-0.00962078	0.99987	0.0129623
0.291494	-0.00959563	0.956525
XYZ rotation is: [-0.0100314, -0.295788, -0.0100577]
Rotation matrix R:
0.956524	0.012981	-0.291363
-0.0096208	0.99987	0.0129623
0.291494	-0.0095956	0.956525
