XYZ rotation is: [-5.95155e-08, -7.86477e-08, -1.74465e-08]
Rotation matrix C1MO (O to C1):
1	1.74465e-08	-7.86477e-08
-1.74465e-08	1	5.95155e-08
7.86477e-08	-5.95155e-08	1
XYZ rotation is: [-0.00641379, 0.132431, -0.00331548]
Rotation matrix C2MO (O to C2):
0.991238	0.00246852	0.132062
-0.00328645	0.999977	0.00597593
-0.132044	-0.00635758	0.991223
XYZ rotation is: [-0.00641373, 0.132431, -0.00331547]
Rotation matrix R:
0.991238	0.00246851	0.132062
-0.00328643	0.999977	0.00597587
-0.132044	-0.00635752	0.991223
