XYZ rotation is: [3.77539e-09, 9.00569e-09, 1.12487e-08]
Rotation matrix C1MO (O to C1):
1	-1.12487e-08	9.00569e-09
1.12487e-08	1	-3.77539e-09
-9.00569e-09	3.77539e-09	1
XYZ rotation is: [-0.00159601, -0.275954, 0.0177249]
Rotation matrix C2MO (O to C2):
0.962015	-0.0172891	-0.27245
0.0170534	0.999849	-0.00323339
0.272465	-0.00153562	0.962164
XYZ rotation is: [-0.00159601, -0.275954, 0.0177248]
Rotation matrix R:
0.962015	-0.0172891	-0.27245
0.0170533	0.999849	-0.00323339
0.272465	-0.00153562	0.962164
