XYZ rotation is: [-1.18054e-09, -2.47095e-09, 9.55164e-10]
Rotation matrix C1MO (O to C1):
1	-9.55164e-10	-2.47095e-09
9.55164e-10	1	1.18054e-09
2.47095e-09	-1.18054e-09	1
XYZ rotation is: [-0.000164381, 0.0718509, 0.000750471]
Rotation matrix C2MO (O to C2):
0.99742	-0.000762272	0.071789
0.000748535	1	0.000218257
-0.0717891	-0.000163957	0.99742
XYZ rotation is: [-0.00016438, 0.0718509, 0.00075047]
Rotation matrix R:
0.99742	-0.000762271	0.071789
0.000748534	1	0.000218256
-0.0717891	-0.000163956	0.99742
