XYZ rotation is: [-1.27037e-10, 2.30535e-09, 1.63677e-09]
Rotation matrix C1MO (O to C1):
1	-1.63677e-09	2.30535e-09
1.63677e-09	1	1.27037e-10
-2.30535e-09	-1.27037e-10	1
XYZ rotation is: [-0.00229492, 0.0310637, -0.0155078]
Rotation matrix C2MO (O to C2):
0.999397	0.0154359	0.0310905
-0.0154997	0.999878	0.00181301
-0.0310587	-0.00229381	0.999515
XYZ rotation is: [-0.00229492, 0.0310637, -0.0155078]
Rotation matrix R:
0.999397	0.0154359	0.0310905
-0.0154997	0.999878	0.00181301
-0.0310587	-0.00229381	0.999515
