XYZ rotation is: [-3.54893e-09, -5.9211e-08, -8.33926e-09]
Rotation matrix C1MO (O to C1):
1	8.33926e-09	-5.9211e-08
-8.33926e-09	1	3.54893e-09
5.9211e-08	-3.54893e-09	1
XYZ rotation is: [-0.0215093, -0.496962, 0.0105018]
Rotation matrix C2MO (O to C2):
0.878986	-0.000245818	-0.476847
0.00923129	0.999821	0.0165009
0.476758	-0.018906	0.878831
XYZ rotation is: [-0.0215093, -0.496962, 0.0105018]
Rotation matrix R:
0.878986	-0.000245827	-0.476847
0.0092313	0.999821	0.0165009
0.476758	-0.018906	0.878831
