XYZ rotation is: [2.59027e-11, 4.14131e-09, -2.27144e-10]
Rotation matrix C1MO (O to C1):
1	2.27144e-10	4.14131e-09
-2.27144e-10	1	-2.59027e-11
-4.14131e-09	2.59027e-11	1
XYZ rotation is: [-0.0294903, 0.151016, -0.00838146]
Rotation matrix C2MO (O to C2):
0.988584	0.00394192	0.150619
-0.00828597	0.999567	0.0282247
-0.150442	-0.0291505	0.988189
XYZ rotation is: [-0.0294903, 0.151016, -0.00838146]
Rotation matrix R:
0.988584	0.00394192	0.150619
-0.00828597	0.999567	0.0282247
-0.150442	-0.0291505	0.988189
