XYZ rotation is: [-7.63888e-09, 2.60213e-08, 1.03091e-09]
Rotation matrix C1MO (O to C1):
1	-1.03091e-09	2.60213e-08
1.03091e-09	1	7.63888e-09
-2.60213e-08	-7.63888e-09	1
XYZ rotation is: [-0.0128496, 0.00338562, -0.00179982]
Rotation matrix C2MO (O to C2):
0.999993	0.00175617	0.00340845
-0.00179981	0.999916	0.0128431
-0.00338561	-0.0128491	0.999912
XYZ rotation is: [-0.0128495, 0.00338559, -0.00179982]
Rotation matrix R:
0.999993	0.00175617	0.00340842
-0.00179981	0.999916	0.0128431
-0.00338558	-0.0128491	0.999912
