XYZ rotation is: [-4.17603e-09, 7.04666e-08, -1.51558e-08]
Rotation matrix C1MO (O to C1):
1	1.51558e-08	7.04666e-08
-1.51558e-08	1	4.17603e-09
-7.04666e-08	-4.17603e-09	1
XYZ rotation is: [0.0121748, 0.0271311, 0.00834802]
Rotation matrix C2MO (O to C2):
0.999597	-0.00801704	0.0272264
0.00834485	0.999894	-0.0119476
-0.0271278	0.01217	0.999558
XYZ rotation is: [0.0121748, 0.027131, 0.00834803]
Rotation matrix R:
0.999597	-0.00801706	0.0272264
0.00834486	0.999894	-0.0119476
-0.0271277	0.01217	0.999558
