XYZ rotation is: [1.14628e-08, 1.53814e-08, -1.04343e-09]
Rotation matrix C1MO (O to C1):
1	1.04343e-09	1.53814e-08
-1.04343e-09	1	-1.14628e-08
-1.53814e-08	1.14628e-08	1
XYZ rotation is: [0.0307135, -0.157298, -0.00718887]
Rotation matrix C2MO (O to C2):
0.987629	0.00237502	-0.156793
-0.00710005	0.999537	-0.0295822
0.15665	0.0303295	0.987188
XYZ rotation is: [0.0307134, -0.157298, -0.00718887]
Rotation matrix R:
0.987629	0.00237502	-0.156793
-0.00710005	0.999537	-0.0295822
0.15665	0.0303295	0.987188
