XYZ rotation is: [-1.37699e-08, 1.043e-07, 2.46584e-09]
Rotation matrix C1MO (O to C1):
1	-2.46584e-09	1.043e-07
2.46584e-09	1	1.37699e-08
-1.043e-07	-1.37699e-08	1
XYZ rotation is: [0.072294, 0.466678, 0.0360039]
Rotation matrix C2MO (O to C2):
0.892489	-0.00342481	0.451056
0.032147	0.997911	-0.056031
-0.449922	0.0645072	0.890735
XYZ rotation is: [0.072294, 0.466678, 0.0360039]
Rotation matrix R:
0.892489	-0.0034248	0.451056
0.032147	0.997911	-0.0560311
-0.449922	0.0645072	0.890735
