XYZ rotation is: [1.62892e-08, 1.23338e-07, 1.14494e-08]
Rotation matrix C1MO (O to C1):
1	-1.14494e-08	1.23338e-07
1.14494e-08	1	-1.62892e-08
-1.23338e-07	1.62892e-08	1
XYZ rotation is: [0.000263182, 0.470537, 0.00428971]
Rotation matrix C2MO (O to C2):
0.891317	-0.00417038	0.453362
0.00382351	0.999991	0.00168162
-0.453365	0.00023458	0.891325
XYZ rotation is: [0.00026316, 0.470537, 0.0042897]
Rotation matrix R:
0.891317	-0.00417038	0.453362
0.0038235	0.999991	0.00168163
-0.453365	0.000234561	0.891325
