XYZ rotation is: [1.86122e-08, -1.04484e-08, 3.85972e-09]
Rotation matrix C1MO (O to C1):
1	-3.85972e-09	-1.04484e-08
3.85972e-09	1	-1.86122e-08
1.04484e-08	1.86122e-08	1
XYZ rotation is: [0.0106319, 0.139746, 0.0056836]
Rotation matrix C2MO (O to C2):
0.990235	-0.00420236	0.139342
0.00562816	0.999936	-0.00983992
-0.139291	0.0105281	0.990195
XYZ rotation is: [0.0106319, 0.139746, 0.00568359]
Rotation matrix R:
0.990235	-0.00420236	0.139342
0.00562816	0.999936	-0.00983991
-0.139291	0.0105281	0.990195
