XYZ rotation is: [3.20802e-09, 1.14734e-07, -7.75425e-09]
Rotation matrix C1MO (O to C1):
1	7.75425e-09	1.14734e-07
-7.75425e-09	1	-3.20802e-09
-1.14734e-07	3.20802e-09	1
XYZ rotation is: [-0.117639, 0.33374, -0.00875507]
Rotation matrix C2MO (O to C2):
0.944787	-0.0297514	0.32633
-0.00827189	0.993387	0.114515
-0.327579	-0.110892	0.938294
XYZ rotation is: [-0.117639, 0.33374, -0.00875505]
Rotation matrix R:
0.944788	-0.0297514	0.32633
-0.00827187	0.993387	0.114515
-0.327579	-0.110892	0.938294
