XYZ rotation is: [2.76362e-08, 1.19397e-08, -1.53026e-09]
Rotation matrix C1MO (O to C1):
1	1.53026e-09	1.19397e-08
-1.53026e-09	1	-2.76362e-08
-1.19397e-08	2.76362e-08	1
XYZ rotation is: [-0.0183406, 0.174167, -0.00341717]
Rotation matrix C2MO (O to C2):
0.984865	0.00023858	0.173321
-0.00336547	0.999837	0.0177474
-0.173288	-0.0180621	0.984706
XYZ rotation is: [-0.0183406, 0.174167, -0.00341717]
Rotation matrix R:
0.984865	0.000238573	0.173321
-0.00336546	0.999837	0.0177474
-0.173288	-0.0180621	0.984706
