XYZ rotation is: [9.24735e-09, 8.18372e-09, -2.03535e-09]
Rotation matrix C1MO (O to C1):
1	2.03535e-09	8.18372e-09
-2.03535e-09	1	-9.24735e-09
-8.18372e-09	9.24735e-09	1
XYZ rotation is: [0.0194798, 0.223143, 0.00581337]
Rotation matrix C2MO (O to C2):
0.97519	-0.00150179	0.221363
0.00566921	0.999818	-0.018192
-0.221296	0.0189956	0.975022
XYZ rotation is: [0.0194798, 0.223143, 0.00581337]
Rotation matrix R:
0.97519	-0.00150179	0.221363
0.00566921	0.999818	-0.018192
-0.221296	0.0189956	0.975022
