XYZ rotation is: [6.47207e-09, 3.69022e-08, -2.23215e-09]
Rotation matrix C1MO (O to C1):
1	2.23215e-09	3.69022e-08
-2.23215e-09	1	-6.47207e-09
-3.69022e-08	6.47207e-09	1
XYZ rotation is: [-0.0338342, -0.157107, -0.00334729]
Rotation matrix C2MO (O to C2):
0.987679	0.00863806	-0.156258
-0.00330606	0.999404	0.0343509
0.156461	-0.0334111	0.987119
XYZ rotation is: [-0.0338342, -0.157107, -0.00334728]
Rotation matrix R:
0.987679	0.00863806	-0.156258
-0.00330605	0.999404	0.034351
0.156461	-0.0334111	0.987119
