XYZ rotation is: [3.45189e-09, 5.90808e-09, -3.12746e-09]
Rotation matrix C1MO (O to C1):
1	3.12746e-09	5.90808e-09
-3.12746e-09	1	-3.45189e-09
-5.90808e-09	3.45189e-09	1
XYZ rotation is: [-0.0306055, -0.0819517, 0.000726961]
Rotation matrix C2MO (O to C2):
0.996644	0.00177835	-0.0818438
0.000724521	0.999533	0.0305412
0.08186	-0.030498	0.996177
XYZ rotation is: [-0.0306055, -0.0819517, 0.000726965]
Rotation matrix R:
0.996644	0.00177835	-0.0818439
0.000724525	0.999533	0.0305412
0.08186	-0.030498	0.996177
