XYZ rotation is: [2.30588e-09, -3.16905e-09, 7.2953e-10]
Rotation matrix C1MO (O to C1):
1	-7.2953e-10	-3.16905e-09
7.2953e-10	1	-2.30588e-09
3.16905e-09	2.30588e-09	1
XYZ rotation is: [-2.49897e-05, -0.0472403, -0.000407239]
Rotation matrix C2MO (O to C2):
0.998884	0.000408419	-0.0472227
-0.000406785	1	4.42206e-05
0.0472227	-2.49618e-05	0.998884
XYZ rotation is: [-2.4992e-05, -0.0472403, -0.00040724]
Rotation matrix R:
0.998884	0.00040842	-0.0472227
-0.000406785	1	4.42229e-05
0.0472227	-2.49641e-05	0.998884
