XYZ rotation is: [3.15072e-08, 2.86347e-08, 1.87018e-09]
Rotation matrix C1MO (O to C1):
1	-1.87018e-09	2.86347e-08
1.87018e-09	1	-3.15072e-08
-2.86347e-08	3.15072e-08	1
XYZ rotation is: [-0.0558337, -0.143362, -0.0125118]
Rotation matrix C2MO (O to C2):
0.989664	0.0204642	-0.14194
-0.0123831	0.998264	0.057585
0.142872	-0.0552322	0.988199
XYZ rotation is: [-0.0558337, -0.143362, -0.0125118]
Rotation matrix R:
0.989664	0.0204642	-0.14194
-0.0123831	0.998264	0.0575851
0.142872	-0.0552322	0.988199
