XYZ rotation is: [3.13352e-09, -3.65118e-10, 3.10978e-09]
Rotation matrix C1MO (O to C1):
1	-3.10978e-09	-3.65118e-10
3.10978e-09	1	-3.13352e-09
3.65118e-10	3.13352e-09	1
XYZ rotation is: [-0.000338925, 0.214147, -0.00498537]
Rotation matrix C2MO (O to C2):
0.977146	0.00491333	0.212513
-0.00487148	0.999988	-0.000720536
-0.212514	-0.000331183	0.977158
XYZ rotation is: [-0.000338928, 0.214147, -0.00498538]
Rotation matrix R:
0.977146	0.00491333	0.212513
-0.00487148	0.999988	-0.000720533
-0.212514	-0.000331187	0.977158
