XYZ rotation is: [-5.86232e-07, 2.82559e-07, -6.00292e-07]
Rotation matrix C1MO (O to C1):
1	6.00291e-07	2.82559e-07
-6.00292e-07	1	5.86232e-07
-2.82559e-07	-5.86232e-07	1
XYZ rotation is: [3.03, -0.674711, 0.190767]
Rotation matrix C2MO (O to C2):
0.766721	0.120131	0.63064
0.148066	-0.988942	0.0083685
0.624672	0.0869598	-0.77603
XYZ rotation is: [3.03, -0.674711, 0.190766]
Rotation matrix R:
0.766722	0.120131	0.63064
0.148065	-0.988942	0.00836904
0.624672	0.086959	-0.776031
