XYZ rotation is: [-3.71338e-08, 4.63784e-08, 1.53032e-08]
Rotation matrix C1MO (O to C1):
1	-1.53032e-08	4.63784e-08
1.53032e-08	1	3.71338e-08
-4.63784e-08	-3.71338e-08	1
XYZ rotation is: [-0.00962213, -0.0502625, 0.00505533]
Rotation matrix C2MO (O to C2):
0.998724	-0.00457166	-0.050287
0.00504892	0.999943	0.00936788
0.0502413	-0.00960983	0.998691
XYZ rotation is: [-0.00962209, -0.0502626, 0.00505531]
Rotation matrix R:
0.998724	-0.00457164	-0.0502871
0.00504891	0.999943	0.00936785
0.0502414	-0.00960979	0.998691
