XYZ rotation is: [5.38412e-08, 6.84647e-08, -1.99735e-08]
Rotation matrix C1MO (O to C1):
1	1.99735e-08	6.84647e-08
-1.99735e-08	1	-5.38412e-08
-6.84647e-08	5.38412e-08	1
XYZ rotation is: [-0.00644752, -0.16281, 0.00312722]
Rotation matrix C2MO (O to C2):
0.986771	-0.00208208	-0.162108
0.00308586	0.999978	0.00594056
0.162092	-0.00636221	0.986755
XYZ rotation is: [-0.00644758, -0.16281, 0.00312724]
Rotation matrix R:
0.986771	-0.00208209	-0.162108
0.00308588	0.999978	0.00594061
0.162092	-0.00636227	0.986755
