XYZ rotation is: [6.80505e-08, -1.63765e-07, -3.17164e-09]
Rotation matrix C1MO (O to C1):
1	3.17163e-09	-1.63765e-07
-3.17164e-09	1	-6.80505e-08
1.63765e-07	6.80505e-08	1
XYZ rotation is: [-0.118353, 0.458405, -0.00018782]
Rotation matrix C2MO (O to C2):
0.896759	-0.0520648	0.439445
-0.00016843	0.993014	0.117995
-0.442518	-0.105887	0.890486
XYZ rotation is: [-0.118353, 0.458405, -0.000187838]
Rotation matrix R:
0.896759	-0.0520648	0.439445
-0.000168446	0.993014	0.117995
-0.442519	-0.105887	0.890486
