XYZ rotation is: [-4.9236e-08, -4.46993e-08, 3.91938e-08]
Rotation matrix C1MO (O to C1):
1	-3.91938e-08	-4.46993e-08
3.91938e-08	1	4.9236e-08
4.46993e-08	-4.9236e-08	1
XYZ rotation is: [-0.0352422, -0.531783, 0.0267345]
Rotation matrix C2MO (O to C2):
0.861596	-0.00885449	-0.507517
0.0230398	0.9995	0.0216761
0.507071	-0.0303691	0.861369
XYZ rotation is: [-0.0352421, -0.531783, 0.0267344]
Rotation matrix R:
0.861596	-0.00885448	-0.507517
0.0230398	0.9995	0.021676
0.507071	-0.0303691	0.861369
