XYZ rotation is: [-2.63841e-08, -4.00886e-09, 2.67996e-08]
Rotation matrix C1MO (O to C1):
1	-2.67996e-08	-4.00886e-09
2.67996e-08	1	2.63841e-08
4.00886e-09	-2.63841e-08	1
XYZ rotation is: [-0.0444825, -0.630754, 0.0314689]
Rotation matrix C2MO (O to C2):
0.807183	-0.00522046	-0.590278
0.0254095	0.999341	0.0259083
0.589754	-0.0359115	0.806784
XYZ rotation is: [-0.0444824, -0.630754, 0.0314688]
Rotation matrix R:
0.807183	-0.00522046	-0.590278
0.0254095	0.999341	0.0259083
0.589754	-0.0359114	0.806784
