XYZ rotation is: [1.98517e-10, -2.48117e-08, 1.99839e-09]
Rotation matrix C1MO (O to C1):
1	-1.99839e-09	-2.48117e-08
1.99839e-09	1	-1.98517e-10
2.48117e-08	1.98517e-10	1
XYZ rotation is: [2.88143, 0.0776676, 3.03632]
Rotation matrix C2MO (O to C2):
-0.991466	0.0816938	0.101594
0.104762	0.963095	0.247939
-0.0775896	0.256466	-0.963434
XYZ rotation is: [2.88143, 0.0776676, 3.03632]
Rotation matrix R:
-0.991466	0.0816938	0.101594
0.104762	0.963095	0.247939
-0.0775895	0.256466	-0.963434
