XYZ rotation is: [8.10175e-09, -7.21547e-09, -6.07397e-09]
Rotation matrix C1MO (O to C1):
1	6.07397e-09	-7.21547e-09
-6.07397e-09	1	-8.10175e-09
7.21547e-09	8.10175e-09	1
XYZ rotation is: [-0.0220444, -0.0401095, -0.00139391]
Rotation matrix C2MO (O to C2):
0.999195	0.00227745	-0.0400583
-0.00139278	0.999755	0.0220985
0.0400988	-0.0220249	0.998953
XYZ rotation is: [-0.0220444, -0.0401095, -0.0013939]
Rotation matrix R:
0.999195	0.00227744	-0.0400583
-0.00139278	0.999755	0.0220985
0.0400988	-0.0220249	0.998953
