XYZ rotation is: [1.13107e-08, -8.96622e-09, -1.6131e-08]
Rotation matrix C1MO (O to C1):
1	1.6131e-08	-8.96622e-09
-1.6131e-08	1	-1.13107e-08
8.96622e-09	1.13107e-08	1
XYZ rotation is: [-0.0793148, 0.425395, -0.0451922]
Rotation matrix C2MO (O to C2):
0.909946	0.0123708	0.414543
-0.0411505	0.997316	0.0605657
-0.412681	-0.0721702	0.908012
XYZ rotation is: [-0.0793148, 0.425395, -0.0451922]
Rotation matrix R:
0.909946	0.0123708	0.414543
-0.0411505	0.997316	0.0605658
-0.412681	-0.0721702	0.908012
