XYZ rotation is: [8.79488e-08, 1.3936e-07, -1.85326e-08]
Rotation matrix C1MO (O to C1):
1	1.85326e-08	1.3936e-07
-1.85326e-08	1	-8.79488e-08
-1.3936e-07	8.79488e-08	1
XYZ rotation is: [-0.126269, 0.0869217, 0.00994146]
Rotation matrix C2MO (O to C2):
0.996175	-0.0207942	0.0848649
0.00990376	0.991881	0.126784
-0.0868122	-0.125458	0.988293
XYZ rotation is: [-0.126269, 0.0869215, 0.0099415]
Rotation matrix R:
0.996175	-0.0207942	0.0848648
0.0099038	0.991881	0.126784
-0.0868121	-0.125458	0.988293
