XYZ rotation is: [6.65738e-08, 3.26274e-08, -9.63856e-09]
Rotation matrix C1MO (O to C1):
1	9.63856e-09	3.26274e-08
-9.63856e-09	1	-6.65738e-08
-3.26274e-08	6.65738e-08	1
XYZ rotation is: [0.00111097, -0.0279618, -0.00649084]
Rotation matrix C2MO (O to C2):
0.999588	0.00645974	-0.0279647
-0.00648826	0.999979	-0.000929475
0.0279581	0.00111053	0.999608
XYZ rotation is: [0.0011109, -0.0279618, -0.00649084]
Rotation matrix R:
0.999588	0.00645973	-0.0279648
-0.00648825	0.999979	-0.000929408
0.0279582	0.00111047	0.999608
