XYZ rotation is: [2.72151e-08, 4.19676e-08, -3.48211e-09]
Rotation matrix C1MO (O to C1):
1	3.48211e-09	4.19676e-08
-3.48211e-09	1	-2.72151e-08
-4.19676e-08	2.72151e-08	1
XYZ rotation is: [-0.034322, -0.0438521, 0.00716622]
Rotation matrix C2MO (O to C2):
0.999013	-0.00565767	-0.044057
0.00715927	0.999396	0.0340004
0.043838	-0.0342823	0.99845
XYZ rotation is: [-0.034322, -0.0438521, 0.00716623]
Rotation matrix R:
0.999013	-0.00565767	-0.044057
0.00715928	0.999396	0.0340005
0.0438381	-0.0342823	0.99845
