XYZ rotation is: [-5.2556e-08, 1.29376e-07, 1.81751e-08]
Rotation matrix C1MO (O to C1):
1	-1.81751e-08	1.29376e-07
1.81751e-08	1	5.2556e-08
-1.29376e-07	-5.2556e-08	1
XYZ rotation is: [-0.0107753, 0.0923461, 0.00164321]
Rotation matrix C2MO (O to C2):
0.995738	-0.00263674	0.0921917
0.00163621	0.999939	0.0109266
-0.0922149	-0.0107292	0.995681
XYZ rotation is: [-0.0107753, 0.092346, 0.0016432]
Rotation matrix R:
0.995738	-0.00263672	0.0921916
0.0016362	0.999939	0.0109266
-0.0922148	-0.0107291	0.995681
