XYZ rotation is: [-4.029e-08, -3.03917e-09, 3.4019e-09]
Rotation matrix C1MO (O to C1):
1	-3.4019e-09	-3.03917e-09
3.4019e-09	1	4.029e-08
3.03917e-09	-4.029e-08	1
XYZ rotation is: [0.0139283, 0.179129, -0.00320968]
Rotation matrix C2MO (O to C2):
0.983994	0.00569091	0.17811
-0.00315832	0.99989	-0.0144996
-0.178173	0.013705	0.983904
XYZ rotation is: [0.0139283, 0.179129, -0.00320968]
Rotation matrix R:
0.983994	0.00569092	0.17811
-0.00315832	0.99989	-0.0144996
-0.178173	0.013705	0.983904
