XYZ rotation is: [6.97173e-08, 1.63246e-08, 1.88424e-08]
Rotation matrix C1MO (O to C1):
1	-1.88424e-08	1.63246e-08
1.88424e-08	1	-6.97173e-08
-1.63246e-08	6.97173e-08	1
XYZ rotation is: [0.00866021, 0.0260106, -0.00668017]
Rotation matrix C2MO (O to C2):
0.999639	0.00690509	0.0259482
-0.00667786	0.999939	-0.00883363
-0.0260076	0.00865717	0.999624
XYZ rotation is: [0.00866013, 0.0260105, -0.00668019]
Rotation matrix R:
0.999639	0.00690511	0.0259482
-0.00667788	0.999939	-0.00883356
-0.0260076	0.0086571	0.999624
