XYZ rotation is: [-3.19464e-09, 2.03001e-09, -4.03693e-09]
Rotation matrix C1MO (O to C1):
1	4.03693e-09	2.03001e-09
-4.03693e-09	1	3.19464e-09
-2.03001e-09	-3.19464e-09	1
XYZ rotation is: [0.00703095, 0.21619, 0.000600433]
Rotation matrix C2MO (O to C2):
0.976722	0.00090778	0.214509
0.000586456	0.999976	-0.0069021
-0.21451	0.00686723	0.976698
XYZ rotation is: [0.00703096, 0.21619, 0.000600437]
Rotation matrix R:
0.976722	0.000907776	0.214509
0.00058646	0.999976	-0.0069021
-0.21451	0.00686723	0.976698
