XYZ rotation is: [-8.42144e-09, -1.39778e-08, 5.48516e-10]
Rotation matrix C1MO (O to C1):
1	-5.48516e-10	-1.39778e-08
5.48516e-10	1	8.42144e-09
1.39778e-08	-8.42144e-09	1
XYZ rotation is: [0.00832366, 0.028947, 0.00593797]
Rotation matrix C2MO (O to C2):
0.999563	-0.00569682	0.0289909
0.00593544	0.999949	-0.00815156
-0.028943	0.00832007	0.999546
XYZ rotation is: [0.00832367, 0.028947, 0.00593797]
Rotation matrix R:
0.999563	-0.00569682	0.0289909
0.00593544	0.999949	-0.00815157
-0.028943	0.00832008	0.999546
