XYZ rotation is: [-1.3461e-09, 1.99131e-09, 7.12352e-09]
Rotation matrix C1MO (O to C1):
1	-7.12352e-09	1.99131e-09
7.12352e-09	1	1.3461e-09
-1.99131e-09	-1.3461e-09	1
XYZ rotation is: [-0.000803254, 0.0307713, 0.000400615]
Rotation matrix C2MO (O to C2):
0.999527	-0.000425328	0.0307661
0.000400425	1	0.00081558
-0.0307664	-0.000802874	0.999526
XYZ rotation is: [-0.000803253, 0.0307713, 0.000400607]
Rotation matrix R:
0.999527	-0.000425321	0.0307661
0.000400418	1	0.000815578
-0.0307664	-0.000802873	0.999526
