XYZ rotation is: [-3.76426e-09, 8.84236e-09, -8.85399e-09]
Rotation matrix C1MO (O to C1):
1	8.85399e-09	8.84236e-09
-8.85399e-09	1	3.76426e-09
-8.84236e-09	-3.76426e-09	1
XYZ rotation is: [-0.00357826, 0.00221256, 0.00172663]
Rotation matrix C2MO (O to C2):
0.999996	-0.00173453	0.00220637
0.00172662	0.999992	0.00358207
-0.00221256	-0.00357825	0.999991
XYZ rotation is: [-0.00357826, 0.00221256, 0.00172664]
Rotation matrix R:
0.999996	-0.00173454	0.00220636
0.00172663	0.999992	0.00358207
-0.00221255	-0.00357824	0.999991
