XYZ rotation is: [-8.11285e-09, -2.91383e-08, -9.15944e-09]
Rotation matrix C1MO (O to C1):
1	9.15944e-09	-2.91383e-08
-9.15944e-09	1	8.11285e-09
2.91383e-08	-8.11285e-09	1
XYZ rotation is: [-0.0063548, 0.0556381, 0.00460181]
Rotation matrix C2MO (O to C2):
0.998442	-0.00495508	0.0555784
0.00459467	0.999968	0.00661059
-0.0556094	-0.00634493	0.998432
XYZ rotation is: [-0.00635479, 0.0556381, 0.00460182]
Rotation matrix R:
0.998442	-0.00495509	0.0555784
0.00459468	0.999968	0.00661058
-0.0556094	-0.00634492	0.998432
