XYZ rotation is: [2.52506e-09, -4.59843e-09, -1.62343e-09]
Rotation matrix C1MO (O to C1):
1	1.62343e-09	-4.59843e-09
-1.62343e-09	1	-2.52506e-09
4.59843e-09	2.52506e-09	1
XYZ rotation is: [0.00467814, -0.334893, -0.00756935]
Rotation matrix C2MO (O to C2):
0.944419	0.00603169	-0.32869
-0.00714877	0.999972	-0.00219024
0.328668	0.00441824	0.944435
XYZ rotation is: [0.00467814, -0.334893, -0.00756935]
Rotation matrix R:
0.944419	0.00603169	-0.32869
-0.00714877	0.999972	-0.00219024
0.328668	0.00441823	0.944435
