XYZ rotation is: [2.34206e-09, -5.31017e-09, -4.0051e-09]
Rotation matrix C1MO (O to C1):
1	4.0051e-09	-5.31017e-09
-4.0051e-09	1	-2.34206e-09
5.31017e-09	2.34206e-09	1
XYZ rotation is: [2.86871, 0.745559, 3.14002]
Rotation matrix C2MO (O to C2):
-0.734708	-0.181318	0.653704
0.00115319	0.963284	0.268482
-0.678383	0.19801	-0.707523
XYZ rotation is: [2.86871, 0.745559, 3.14002]
Rotation matrix R:
-0.734708	-0.181318	0.653704
0.0011532	0.963284	0.268482
-0.678383	0.19801	-0.707523
