XYZ rotation is: [5.41305e-08, -5.11408e-08, 1.07109e-08]
Rotation matrix C1MO (O to C1):
1	-1.07109e-08	-5.11408e-08
1.07109e-08	1	-5.41305e-08
5.11408e-08	5.41305e-08	1
XYZ rotation is: [0.00728868, 0.152986, 0.00309255]
Rotation matrix C2MO (O to C2):
0.988316	-0.00198176	0.152408
0.00305643	0.999972	-0.00681732
-0.15239	0.00720349	0.988294
XYZ rotation is: [0.00728863, 0.152986, 0.00309254]
Rotation matrix R:
0.988316	-0.00198176	0.152408
0.00305642	0.999972	-0.00681727
-0.15239	0.00720344	0.988294
