XYZ rotation is: [-5.1075e-09, 8.7205e-09, -6.74313e-10]
Rotation matrix C1MO (O to C1):
1	6.74313e-10	8.7205e-09
-6.74313e-10	1	5.1075e-09
-8.7205e-09	-5.1075e-09	1
XYZ rotation is: [0.00247048, -0.0797436, 0.00123149]
Rotation matrix C2MO (O to C2):
0.996821	-0.00142828	-0.0796557
0.00122757	0.999996	-0.00256858
0.0796591	0.00246263	0.996819
XYZ rotation is: [0.00247049, -0.0797436, 0.00123149]
Rotation matrix R:
0.996821	-0.00142828	-0.0796557
0.00122757	0.999996	-0.00256858
0.0796591	0.00246263	0.996819
