XYZ rotation is: [-1.45916e-08, 3.3564e-08, 2.39932e-09]
Rotation matrix C1MO (O to C1):
1	-2.39932e-09	3.3564e-08
2.39932e-09	1	1.45916e-08
-3.3564e-08	-1.45916e-08	1
XYZ rotation is: [0.00237555, -0.162144, -0.00147448]
Rotation matrix C2MO (O to C2):
0.986882	0.00109098	-0.161438
-0.00145514	0.999997	-0.00213751
0.161435	0.00234439	0.986881
XYZ rotation is: [0.00237556, -0.162144, -0.00147448]
Rotation matrix R:
0.986882	0.00109098	-0.161438
-0.00145514	0.999997	-0.00213753
0.161435	0.0023444	0.986881
