XYZ rotation is: [5.74662e-09, -1.35703e-07, 1.10458e-09]
Rotation matrix C1MO (O to C1):
1	-1.10458e-09	-1.35703e-07
1.10458e-09	1	-5.74662e-09
1.35703e-07	5.74662e-09	1
XYZ rotation is: [0.00917918, -0.114049, -0.00295935]
Rotation matrix C2MO (O to C2):
0.993499	0.00191463	-0.113824
-0.00294012	0.999957	-0.00884225
0.113802	0.00911942	0.993462
XYZ rotation is: [0.00917918, -0.114049, -0.00295935]
Rotation matrix R:
0.993499	0.00191463	-0.113824
-0.00294012	0.999957	-0.00884224
0.113802	0.00911942	0.993462
