XYZ rotation is: [4.42519e-08, -2.53388e-08, -2.8052e-08]
Rotation matrix C1MO (O to C1):
1	2.8052e-08	-2.53388e-08
-2.8052e-08	1	-4.42519e-08
2.53388e-08	4.42519e-08	1
XYZ rotation is: [-0.0673541, -0.486921, 0.0314791]
Rotation matrix C2MO (O to C2):
0.88334	7.3492e-05	-0.468733
0.0278159	0.998229	0.0525764
0.467907	-0.0594811	0.881774
XYZ rotation is: [-0.0673542, -0.486921, 0.0314791]
Rotation matrix R:
0.88334	7.34879e-05	-0.468733
0.027816	0.998229	0.0525765
0.467907	-0.0594811	0.881774
