XYZ rotation is: [2.74896e-09, 8.4876e-11, 6.39132e-10]
Rotation matrix C1MO (O to C1):
1	-6.39132e-10	8.4876e-11
6.39132e-10	1	-2.74896e-09
-8.4876e-11	2.74896e-09	1
XYZ rotation is: [-2.78547e-05, -0.00233438, 0.00150398]
Rotation matrix C2MO (O to C2):
0.999996	-0.00150391	-0.00233441
0.00150397	0.999999	2.43438e-05
0.00233437	-2.78546e-05	0.999997
XYZ rotation is: [-2.78574e-05, -0.00233438, 0.00150397]
Rotation matrix R:
0.999996	-0.00150391	-0.00233441
0.00150397	0.999999	2.43466e-05
0.00233437	-2.78574e-05	0.999997
