XYZ rotation is: [2.62428e-09, -7.1801e-09, -7.57312e-10]
Rotation matrix C1MO (O to C1):
1	7.57312e-10	-7.1801e-09
-7.57312e-10	1	-2.62428e-09
7.1801e-09	2.62428e-09	1
XYZ rotation is: [0.00273971, -0.0074124, 0.00245019]
Rotation matrix C2MO (O to C2):
0.99997	-0.00247049	-0.00740557
0.00245012	0.999993	-0.00275786
0.00741233	0.00273963	0.999969
XYZ rotation is: [0.00273971, -0.00741239, 0.00245019]
Rotation matrix R:
0.99997	-0.00247049	-0.00740556
0.00245013	0.999993	-0.00275786
0.00741232	0.00273963	0.999969
