XYZ rotation is: [-4.63234e-08, -4.38841e-09, -1.80704e-08]
Rotation matrix C1MO (O to C1):
1	1.80704e-08	-4.38841e-09
-1.80704e-08	1	4.63234e-08
4.38841e-09	-4.63234e-08	1
XYZ rotation is: [-0.0306684, -0.0992968, -0.00606879]
Rotation matrix C2MO (O to C2):
0.995056	0.00910564	-0.0988991
-0.00603886	0.999493	0.0312644
0.0991337	-0.0305126	0.994606
XYZ rotation is: [-0.0306684, -0.0992968, -0.00606878]
Rotation matrix R:
0.995056	0.00910562	-0.0988991
-0.00603884	0.999493	0.0312643
0.0991337	-0.0305125	0.994606
