XYZ rotation is: [1.19054e-08, 6.16084e-09, 4.78839e-09]
Rotation matrix C1MO (O to C1):
1	-4.78839e-09	6.16084e-09
4.78839e-09	1	-1.19054e-08
-6.16084e-09	1.19054e-08	1
XYZ rotation is: [0.00423507, -0.342742, -0.000269204]
Rotation matrix C2MO (O to C2):
0.941837	-0.00115408	-0.336069
-0.000253547	0.999991	-0.00414459
0.336071	0.00398873	0.941828
XYZ rotation is: [0.00423506, -0.342742, -0.00026921]
Rotation matrix R:
0.941837	-0.00115407	-0.336069
-0.000253551	0.999991	-0.00414458
0.336071	0.00398873	0.941828
