XYZ rotation is: [-2.01174e-09, 1.63616e-08, 1.05569e-10]
Rotation matrix C1MO (O to C1):
1	-1.05569e-10	1.63616e-08
1.05569e-10	1	2.01174e-09
-1.63616e-08	-2.01174e-09	1
XYZ rotation is: [-0.0429488, 0.0360817, -0.00550802]
Rotation matrix C2MO (O to C2):
0.999334	0.00395408	0.0362765
-0.0055044	0.999071	0.0427364
-0.0360739	-0.0429076	0.998428
XYZ rotation is: [-0.0429488, 0.0360817, -0.00550802]
Rotation matrix R:
0.999334	0.00395408	0.0362765
-0.0055044	0.999071	0.0427364
-0.0360738	-0.0429076	0.998428
