XYZ rotation is: [-8.36055e-09, 1.98064e-08, -1.03228e-09]
Rotation matrix C1MO (O to C1):
1	1.03228e-09	1.98064e-08
-1.03228e-09	1	8.36055e-09
-1.98064e-08	-8.36055e-09	1
XYZ rotation is: [-0.10931, 0.146655, -0.00163782]
Rotation matrix C2MO (O to C2):
0.989264	-0.0143136	0.145436
-0.00162024	0.994056	0.108854
-0.14613	-0.107921	0.983361
XYZ rotation is: [-0.10931, 0.146655, -0.00163782]
Rotation matrix R:
0.989264	-0.0143136	0.145436
-0.00162023	0.994056	0.108854
-0.14613	-0.107921	0.983361
