XYZ rotation is: [-9.00457e-10, -1.73479e-10, 5.08922e-09]
Rotation matrix C1MO (O to C1):
1	-5.08922e-09	-1.73479e-10
5.08922e-09	1	9.00457e-10
1.73479e-10	-9.00457e-10	1
XYZ rotation is: [-0.00463974, -0.223027, -0.00393885]
Rotation matrix C2MO (O to C2):
0.975225	0.00496502	-0.221161
-0.00384129	0.999977	0.00551088
0.221183	-0.00452481	0.975222
XYZ rotation is: [-0.00463974, -0.223027, -0.00393886]
Rotation matrix R:
0.975225	0.00496503	-0.221161
-0.00384129	0.999977	0.00551088
0.221183	-0.0045248	0.975222
