XYZ rotation is: [-2.2256e-09, -8.84056e-08, -1.11949e-08]
Rotation matrix C1MO (O to C1):
1	1.11949e-08	-8.84056e-08
-1.11949e-08	1	2.2256e-09
8.84056e-08	-2.2256e-09	1
XYZ rotation is: [0.00666368, -0.0798676, -0.00318674]
Rotation matrix C2MO (O to C2):
0.996807	0.00265503	-0.0798018
-0.00317658	0.999974	-0.00640935
0.0797827	0.00664239	0.99679
XYZ rotation is: [0.00666368, -0.0798675, -0.00318673]
Rotation matrix R:
0.996807	0.00265502	-0.0798017
-0.00317657	0.999974	-0.00640936
0.0797826	0.00664239	0.99679
