XYZ rotation is: [-5.38398e-08, 8.33089e-08, 4.14903e-09]
Rotation matrix C1MO (O to C1):
1	-4.14903e-09	8.33089e-08
4.14903e-09	1	5.38398e-08
-8.33089e-08	-5.38398e-08	1
XYZ rotation is: [0.0321119, 0.0626157, -0.0128632]
Rotation matrix C2MO (O to C2):
0.997958	0.0148651	0.0621243
-0.0128377	0.999376	-0.0329082
-0.0625747	0.0320434	0.997526
XYZ rotation is: [0.0321119, 0.0626156, -0.0128632]
Rotation matrix R:
0.997958	0.0148651	0.0621242
-0.0128377	0.999376	-0.0329082
-0.0625747	0.0320435	0.997526
