XYZ rotation is: [-4.05933e-09, 2.21148e-09, -9.64715e-11]
Rotation matrix C1MO (O to C1):
1	9.64715e-11	2.21148e-09
-9.64715e-11	1	4.05933e-09
-2.21148e-09	-4.05933e-09	1
XYZ rotation is: [0.00053823, -0.0919939, 0.000996298]
Rotation matrix C2MO (O to C2):
0.995771	-0.00104574	-0.0918636
0.000992085	0.999999	-0.000629753
0.0918642	0.000535954	0.995771
XYZ rotation is: [0.000538234, -0.0919939, 0.000996298]
Rotation matrix R:
0.995771	-0.00104574	-0.0918636
0.000992085	0.999999	-0.000629757
0.0918642	0.000535958	0.995771
