XYZ rotation is: [1.53927e-08, -1.08862e-07, -6.04344e-09]
Rotation matrix C1MO (O to C1):
1	6.04344e-09	-1.08862e-07
-6.04344e-09	1	-1.53927e-08
1.08862e-07	1.53927e-08	1
XYZ rotation is: [-0.0620792, 0.156638, -0.00242723]
Rotation matrix C2MO (O to C2):
0.987754	-0.00725542	0.155847
-0.00239751	0.998094	0.0616612
-0.155998	-0.0612798	0.985855
XYZ rotation is: [-0.0620792, 0.156638, -0.00242723]
Rotation matrix R:
0.987754	-0.00725543	0.155848
-0.00239751	0.998094	0.0616612
-0.155998	-0.0612798	0.985855
