XYZ rotation is: [2.50327e-10, -2.28389e-10, -7.01521e-10]
Rotation matrix C1MO (O to C1):
1	7.01521e-10	-2.28389e-10
-7.01521e-10	1	-2.50327e-10
2.28389e-10	2.50327e-10	1
XYZ rotation is: [0.0035476, 0.154926, 0.000135566]
Rotation matrix C2MO (O to C2):
0.988023	0.000411855	0.154307
0.000133942	0.999994	-0.00352667
-0.154307	0.0035051	0.988017
XYZ rotation is: [0.0035476, 0.154926, 0.000135567]
Rotation matrix R:
0.988023	0.000411854	0.154307
0.000133943	0.999994	-0.00352667
-0.154307	0.0035051	0.988017
