XYZ rotation is: [-9.85039e-10, 1.35505e-09, -3.63299e-09]
Rotation matrix C1MO (O to C1):
1	3.63299e-09	1.35505e-09
-3.63299e-09	1	9.85039e-10
-1.35505e-09	-9.85039e-10	1
XYZ rotation is: [0.000207132, -0.00861756, 0.00102132]
Rotation matrix C2MO (O to C2):
0.999962	-0.00102311	-0.00861724
0.00102128	0.999999	-0.000215933
0.00861746	0.000207124	0.999963
XYZ rotation is: [0.000207133, -0.00861757, 0.00102132]
Rotation matrix R:
0.999962	-0.00102311	-0.00861724
0.00102129	0.999999	-0.000215934
0.00861746	0.000207125	0.999963
