XYZ rotation is: [6.56843e-09, -2.11404e-10, -7.0356e-09]
Rotation matrix C1MO (O to C1):
1	7.0356e-09	-2.11404e-10
-7.0356e-09	1	-6.56843e-09
2.11404e-10	6.56843e-09	1
XYZ rotation is: [0.00405451, 0.431908, 0.00453065]
Rotation matrix C2MO (O to C2):
0.908159	-0.00283339	0.418615
0.00411458	0.999989	-0.00215793
-0.418605	0.00368217	0.908161
XYZ rotation is: [0.00405451, 0.431908, 0.00453066]
Rotation matrix R:
0.908159	-0.00283339	0.418615
0.00411459	0.999989	-0.00215792
-0.418605	0.00368217	0.908161
