XYZ rotation is: [-3.93725e-10, -1.18591e-09, 3.02863e-09]
Rotation matrix C1MO (O to C1):
1	-3.02863e-09	-1.18591e-09
3.02863e-09	1	3.93725e-10
1.18591e-09	-3.93725e-10	1
XYZ rotation is: [0.00886967, 0.123989, 0.0050107]
Rotation matrix C2MO (O to C2):
0.992311	-0.00391358	0.12371
0.00497221	0.999954	-0.00824979
-0.123672	0.00880147	0.992284
XYZ rotation is: [0.00886967, 0.123989, 0.00501069]
Rotation matrix R:
0.992311	-0.00391358	0.12371
0.00497221	0.999954	-0.00824979
-0.123672	0.00880147	0.992284
