XYZ rotation is: [-5.31368e-09, -2.79903e-09, -1.355e-09]
Rotation matrix C1MO (O to C1):
1	1.355e-09	-2.79903e-09
-1.355e-09	1	5.31368e-09
2.79903e-09	-5.31368e-09	1
XYZ rotation is: [0.000194252, -0.00231698, 0.000704457]
Rotation matrix C2MO (O to C2):
0.999997	-0.000704907	-0.00231685
0.000704455	1	-0.000195884
0.00231698	0.000194251	0.999997
XYZ rotation is: [0.000194257, -0.00231698, 0.000704458]
Rotation matrix R:
0.999997	-0.000704908	-0.00231684
0.000704456	1	-0.000195889
0.00231698	0.000194257	0.999997
