XYZ rotation is: [9.61419e-10, 7.26716e-10, 3.07061e-09]
Rotation matrix C1MO (O to C1):
1	-3.07061e-09	7.26716e-10
3.07061e-09	1	-9.61419e-10
-7.26716e-10	9.61419e-10	1
XYZ rotation is: [-0.00197478, 0.124587, -0.00474779]
Rotation matrix C2MO (O to C2):
0.992238	0.00450237	0.124273
-0.00471098	0.999988	0.00138477
-0.124265	-0.00195947	0.992247
XYZ rotation is: [-0.00197478, 0.124587, -0.0047478]
Rotation matrix R:
0.992238	0.00450238	0.124273
-0.00471098	0.999988	0.00138477
-0.124265	-0.00195947	0.992247
