XYZ rotation is: [-6.20283e-08, -9.71935e-09, -3.83152e-09]
Rotation matrix C1MO (O to C1):
1	3.83152e-09	-9.71935e-09
-3.83152e-09	1	6.20283e-08
9.71935e-09	-6.20283e-08	1
XYZ rotation is: [-0.0147135, 0.141413, -0.00475667]
Rotation matrix C2MO (O to C2):
0.990007	0.00268248	0.140995
-0.00470917	0.99989	0.0140425
-0.140942	-0.0145661	0.989911
XYZ rotation is: [-0.0147134, 0.141413, -0.00475666]
Rotation matrix R:
0.990007	0.00268249	0.140995
-0.00470916	0.99989	0.0140424
-0.140942	-0.014566	0.989911
