XYZ rotation is: [-2.66424e-10, 3.20819e-09, 1.44019e-09]
Rotation matrix C1MO (O to C1):
1	-1.44019e-09	3.20819e-09
1.44019e-09	1	2.66424e-10
-3.20819e-09	-2.66424e-10	1
XYZ rotation is: [-0.000992062, -0.351644, 0.00406577]
Rotation matrix C2MO (O to C2):
0.9388	-0.00372406	-0.344442
0.00381697	0.999993	-0.000408362
0.344441	-0.000931355	0.938807
XYZ rotation is: [-0.000992061, -0.351644, 0.00406577]
Rotation matrix R:
0.9388	-0.00372405	-0.344442
0.00381697	0.999993	-0.000408363
0.344441	-0.000931354	0.938807
