image: map/340.000000/merged_map.png
resolution: 0.050000
origin: [-18.275000, -17.300000, 0.000000]
negate: 0
occupied_thresh: 0.65
free_thresh: 0.196

