image: map/1380.000000/merged_map.png
resolution: 0.050000
origin: [-18.550000, -17.325000, 0.000000]
negate: 0
occupied_thresh: 0.65
free_thresh: 0.196

