XYZ rotation is: [-5.73009e-09, -1.16697e-08, 9.30778e-09]
Rotation matrix C1MO (O to C1):
1	-9.30778e-09	-1.16697e-08
9.30778e-09	1	5.73009e-09
1.16697e-08	-5.73009e-09	1
XYZ rotation is: [-0.0185629, 0.00954708, 0.00531415]
Rotation matrix C2MO (O to C2):
0.99994	-0.00549041	0.00944652
0.00531388	0.999813	0.0186123
-0.00954694	-0.018561	0.999782
XYZ rotation is: [-0.0185629, 0.00954709, 0.00531414]
Rotation matrix R:
0.99994	-0.0054904	0.00944653
0.00531387	0.999813	0.0186123
-0.00954695	-0.018561	0.999782
