XYZ rotation is: [-0.0112627, 0.0690179, -0.0504334]
Rotation matrix C1MO (O to C1):
0.996351	0.0496331	0.0694389
-0.050292	0.998704	0.00777179
-0.0689632	-0.0112356	0.997556
XYZ rotation is: [0, -0, 0]
Rotation matrix C2MO (O to C2):
1	0	0
0	1	0
0	0	1
XYZ rotation is: [0.00779067, -0.0694948, 0.0497738]
Rotation matrix R:
0.996351	-0.050292	-0.0689632
0.0496331	0.998704	-0.0112356
0.0694389	0.00777179	0.997556
