XYZ rotation is: [-1.15906e-08, -7.69993e-09, -3.03313e-10]
Rotation matrix C1MO (O to C1):
1	3.03313e-10	-7.69993e-09
-3.03313e-10	1	1.15906e-08
7.69993e-09	-1.15906e-08	1
XYZ rotation is: [-0.0276996, 0.0327064, 0.000476727]
Rotation matrix C2MO (O to C2):
0.999465	-0.00138222	0.0326748
0.000476472	0.999616	0.0277117
-0.0327006	-0.0276813	0.999082
XYZ rotation is: [-0.0276996, 0.0327064, 0.000476727]
Rotation matrix R:
0.999465	-0.00138222	0.0326749
0.000476472	0.999616	0.0277117
-0.0327006	-0.0276813	0.999082
