XYZ rotation is: [4.27332e-08, -2.76762e-08, -7.18193e-09]
Rotation matrix C1MO (O to C1):
1	7.18193e-09	-2.76762e-08
-7.18193e-09	1	-4.27332e-08
2.76762e-08	4.27332e-08	1
XYZ rotation is: [0.0107808, 0.00335546, -0.00180577]
Rotation matrix C2MO (O to C2):
0.999993	0.00184184	0.00333579
-0.00180576	0.99994	-0.0107867
-0.00335546	0.0107806	0.999936
XYZ rotation is: [0.0107808, 0.00335549, -0.00180576]
Rotation matrix R:
0.999993	0.00184183	0.00333582
-0.00180575	0.99994	-0.0107866
-0.00335548	0.0107805	0.999936
