XYZ rotation is: [6.34777e-08, 2.11908e-08, -1.49008e-08]
Rotation matrix C1MO (O to C1):
1	1.49008e-08	2.11908e-08
-1.49008e-08	1	-6.34777e-08
-2.11908e-08	6.34777e-08	1
XYZ rotation is: [0.0165071, -0.261419, -0.0197307]
Rotation matrix C2MO (O to C2):
0.965836	0.0154615	-0.258692
-0.0190591	0.999753	-0.0114047
0.258452	0.0159456	0.965893
XYZ rotation is: [0.0165071, -0.261419, -0.0197307]
Rotation matrix R:
0.965836	0.0154615	-0.258692
-0.0190591	0.999753	-0.0114047
0.258452	0.0159455	0.965893
