XYZ rotation is: [6.16854e-08, 1.61964e-08, 5.53039e-09]
Rotation matrix C1MO (O to C1):
1	-5.53039e-09	1.61964e-08
5.53039e-09	1	-6.16854e-08
-1.61964e-08	6.16854e-08	1
XYZ rotation is: [0.0447685, 0.385989, 0.00940812]
Rotation matrix C2MO (O to C2):
0.926386	0.00744932	0.376502
0.0087158	0.999112	-0.0412133
-0.376475	0.0414609	0.925498
XYZ rotation is: [0.0447685, 0.385989, 0.00940811]
Rotation matrix R:
0.926386	0.0074493	0.376502
0.0087158	0.999112	-0.0412132
-0.376475	0.0414609	0.925498
