XYZ rotation is: [5.18319e-09, 2.94631e-09, 1.22567e-08]
Rotation matrix C1MO (O to C1):
1	-1.22567e-08	2.94631e-09
1.22567e-08	1	-5.18319e-09
-2.94631e-09	5.18319e-09	1
XYZ rotation is: [0.758037, 1.07661, 0.80659]
Rotation matrix C2MO (O to C2):
0.328209	-0.105451	0.938701
0.342423	0.939439	-0.0141912
-0.880355	0.32609	0.344441
XYZ rotation is: [0.758037, 1.07661, 0.80659]
Rotation matrix R:
0.328209	-0.105451	0.938701
0.342423	0.939439	-0.0141912
-0.880355	0.32609	0.344441
