XYZ rotation is: [-1.18336e-08, -2.34102e-09, -3.22112e-09]
Rotation matrix C1MO (O to C1):
1	3.22112e-09	-2.34102e-09
-3.22112e-09	1	1.18336e-08
2.34102e-09	-1.18336e-08	1
XYZ rotation is: [0.00100885, -0.0327003, 0.00388288]
Rotation matrix C2MO (O to C2):
0.999458	-0.00391585	-0.0326903
0.00388079	0.999992	-0.0011358
0.0326945	0.00100832	0.999465
XYZ rotation is: [0.00100887, -0.0327003, 0.00388288]
Rotation matrix R:
0.999458	-0.00391585	-0.0326903
0.00388079	0.999992	-0.00113581
0.0326945	0.00100833	0.999465
