XYZ rotation is: [-3.2438e-08, 1.51753e-09, -4.10265e-09]
Rotation matrix C1MO (O to C1):
1	4.10265e-09	1.51753e-09
-4.10265e-09	1	3.2438e-08
-1.51753e-09	-3.2438e-08	1
XYZ rotation is: [0.00576559, -0.043646, -0.000954584]
Rotation matrix C2MO (O to C2):
0.999047	0.000703004	-0.0436369
-0.000953675	0.999983	-0.00572391
0.0436322	0.00576007	0.999031
XYZ rotation is: [0.00576563, -0.043646, -0.00095458]
Rotation matrix R:
0.999047	0.000702999	-0.0436369
-0.000953671	0.999983	-0.00572394
0.0436322	0.0057601	0.999031
