XYZ rotation is: [5.37937e-08, 1.90573e-07, 1.611e-07]
Rotation matrix C1MO (O to C1):
1	-1.611e-07	1.90573e-07
1.611e-07	1	-5.37937e-08
-1.90573e-07	5.37937e-08	1
XYZ rotation is: [-0.0265756, 0.0269416, 0.0035195]
Rotation matrix C2MO (O to C2):
0.999631	-0.00423406	0.0268352
0.00351821	0.999638	0.0266671
-0.0269384	-0.0265629	0.999284
XYZ rotation is: [-0.0265757, 0.0269414, 0.00351934]
Rotation matrix R:
0.999631	-0.0042339	0.026835
0.00351806	0.999638	0.0266672
-0.0269382	-0.0265629	0.999284
