XYZ rotation is: [-1.97311e-09, -4.52982e-09, -5.10219e-10]
Rotation matrix C1MO (O to C1):
1	5.10219e-10	-4.52982e-09
-5.10219e-10	1	1.97311e-09
4.52982e-09	-1.97311e-09	1
XYZ rotation is: [-0.00274025, 0.22992, 0.00185001]
Rotation matrix C2MO (O to C2):
0.973683	-0.0024745	0.227893
0.00180132	0.999993	0.00316186
-0.227899	-0.00266814	0.973681
XYZ rotation is: [-0.00274025, 0.22992, 0.00185001]
Rotation matrix R:
0.973683	-0.0024745	0.227893
0.00180132	0.999993	0.00316186
-0.227899	-0.00266814	0.973681
