XYZ rotation is: [1.50227e-08, -5.20836e-09, 1.23797e-09]
Rotation matrix C1MO (O to C1):
1	-1.23797e-09	-5.20836e-09
1.23797e-09	1	-1.50227e-08
5.20836e-09	1.50227e-08	1
XYZ rotation is: [0.00468561, 0.00983503, -0.000935035]
Rotation matrix C2MO (O to C2):
0.999951	0.000981106	0.00983038
-0.000934989	0.999989	-0.00469479
-0.00983487	0.00468537	0.999941
XYZ rotation is: [0.00468559, 0.00983503, -0.000935036]
Rotation matrix R:
0.999951	0.000981107	0.00983038
-0.00093499	0.999989	-0.00469477
-0.00983488	0.00468535	0.999941
