XYZ rotation is: [7.23227e-09, 3.78797e-08, -7.72537e-09]
Rotation matrix C1MO (O to C1):
1	7.72537e-09	3.78797e-08
-7.72537e-09	1	-7.23227e-09
-3.78797e-08	7.23227e-09	1
XYZ rotation is: [-0.0128933, 0.423488, -0.00343234]
Rotation matrix C2MO (O to C2):
0.911656	-0.00186619	0.410951
-0.00312913	0.999929	0.0114825
-0.410943	-0.011754	0.911585
XYZ rotation is: [-0.0128933, 0.423488, -0.00343233]
Rotation matrix R:
0.911656	-0.0018662	0.410951
-0.00312912	0.999929	0.0114825
-0.410943	-0.011754	0.911585
