XYZ rotation is: [-1.19125e-08, -8.48796e-09, -3.99998e-09]
Rotation matrix C1MO (O to C1):
1	3.99998e-09	-8.48796e-09
-3.99998e-09	1	1.19125e-08
8.48796e-09	-1.19125e-08	1
XYZ rotation is: [-0.021667, 0.211872, -0.014797]
Rotation matrix C2MO (O to C2):
0.977532	0.0102375	0.210538
-0.0144656	0.999723	0.0185522
-0.21029	-0.0211809	0.97741
XYZ rotation is: [-0.021667, 0.211872, -0.014797]
Rotation matrix R:
0.977532	0.0102375	0.210538
-0.0144656	0.999723	0.0185521
-0.21029	-0.0211809	0.97741
