XYZ rotation is: [2.04057e-10, 3.95344e-09, 1.17562e-09]
Rotation matrix C1MO (O to C1):
1	-1.17562e-09	3.95344e-09
1.17562e-09	1	-2.04057e-10
-3.95344e-09	2.04057e-10	1
XYZ rotation is: [0.00546564, 0.274429, -0.00191118]
Rotation matrix C2MO (O to C2):
0.962578	0.00339231	0.270983
-0.00183966	0.99998	-0.00598352
-0.270998	0.00526109	0.962566
XYZ rotation is: [0.00546564, 0.274429, -0.00191118]
Rotation matrix R:
0.962578	0.00339231	0.270983
-0.00183966	0.99998	-0.00598351
-0.270998	0.00526109	0.962566
