XYZ rotation is: [-1.72415e-08, -5.37284e-09, 1.00877e-08]
Rotation matrix C1MO (O to C1):
1	-1.00877e-08	-5.37284e-09
1.00877e-08	1	1.72415e-08
5.37284e-09	-1.72415e-08	1
XYZ rotation is: [0.00498212, 0.749522, 0.00374606]
Rotation matrix C2MO (O to C2):
0.732009	-0.000351782	0.681294
0.00274217	0.999993	-0.00242995
-0.681289	0.00364697	0.732005
XYZ rotation is: [0.00498213, 0.749522, 0.00374605]
Rotation matrix R:
0.732009	-0.000351763	0.681294
0.00274216	0.999993	-0.00242997
-0.681289	0.00364698	0.732005
