XYZ rotation is: [-2.25959e-08, -1.39572e-08, 8.71533e-09]
Rotation matrix C1MO (O to C1):
1	-8.71533e-09	-1.39572e-08
8.71533e-09	1	2.25959e-08
1.39572e-08	-2.25959e-08	1
XYZ rotation is: [-0.00089478, 0.0707707, -0.00300876]
Rotation matrix C2MO (O to C2):
0.997492	0.00294548	0.070714
-0.00300122	0.999995	0.000682022
-0.0707116	-0.00089254	0.997496
XYZ rotation is: [-0.000894758, 0.0707707, -0.00300877]
Rotation matrix R:
0.997492	0.00294549	0.070714
-0.00300123	0.999995	0.000681999
-0.0707116	-0.000892518	0.997496
