XYZ rotation is: [-2.76433e-08, -9.81061e-08, -4.41113e-09]
Rotation matrix C1MO (O to C1):
1	4.41113e-09	-9.81061e-08
-4.41113e-09	1	2.76433e-08
9.81061e-08	-2.76433e-08	1
XYZ rotation is: [-0.0165521, -0.00903347, 0.00445944]
Rotation matrix C2MO (O to C2):
0.999949	-0.0043093	-0.00910582
0.00445924	0.999854	0.0165109
0.00903334	-0.0165507	0.999822
XYZ rotation is: [-0.0165521, -0.00903337, 0.00445944]
Rotation matrix R:
0.999949	-0.0043093	-0.00910573
0.00445924	0.999854	0.0165109
0.00903324	-0.0165506	0.999822
