XYZ rotation is: [3.85303e-09, -9.41911e-10, -9.88404e-10]
Rotation matrix C1MO (O to C1):
1	9.88404e-10	-9.41911e-10
-9.88404e-10	1	-3.85303e-09
9.41911e-10	3.85303e-09	1
XYZ rotation is: [0.0101643, -0.173045, 0.000882876]
Rotation matrix C2MO (O to C2):
0.985065	-0.00263293	-0.172165
0.00086969	0.999946	-0.0103162
0.172183	0.0100124	0.985014
XYZ rotation is: [0.0101643, -0.173045, 0.000882877]
Rotation matrix R:
0.985065	-0.00263293	-0.172165
0.000869691	0.999946	-0.0103162
0.172183	0.0100124	0.985014
